EDO;DTO;MPO;NOMBRE;FCTMPAL;POB00
 8 ; 1 ; 3 ;ALLENDE;0.02524; 8561 
 8 ; 1 ; 7 ;BALLEZA;0.04944; 16770 
 8 ; 1 ; 8 ;BATOPILAS;0.03698; 12545 
 8 ; 1 ; 9 ;BOCOYNA;0.08227; 27907 
 8 ; 1 ; 12 ;CARICHI;0.02288; 7760 
 8 ; 1 ; 14 ;CORONADO;0.00650; 2205 
 8 ; 1 ; 20 ;CHINIPAS;0.01995; 6768 
 8 ; 1 ; 22 ;DR. BELISARIO DOMINGUEZ;0.01136; 3853 
 8 ; 1 ; 27 ;GUACHOCHI;0.11973; 40615 
 8 ; 1 ; 29 ;GUADALUPE Y CALVO;0.14255; 48355 
 8 ; 1 ; 30 ;GUAZAPARES;0.02378; 8066 
 8 ; 1 ; 32 ;HIDALGO DEL PARRAL;0.29722; 100821 
 8 ; 1 ; 33 ;HUEJOTITAN;0.00345; 1169 
 8 ; 1 ; 39 ;LOPEZ;0.01203; 4080 
 8 ; 1 ; 41 ;MAGUARICHI;0.00529; 1795 
 8 ; 1 ; 44 ;MATAMOROS;0.01306; 4429 
 8 ; 1 ; 46 ;MORELOS;0.02795; 9482 
 8 ; 1 ; 49 ;NONOAVA;0.00868; 2946 
 8 ; 1 ; 56 ;ROSARIO;0.00759; 2575 
 8 ; 1 ; 57 ;SAN FRANCISCO DE BORJA;0.00687; 2331 
 8 ; 1 ; 58 ;SAN FRANCISCO DE CONCHOS;0.00838; 2843 
 8 ; 1 ; 59 ;SAN FRANCISCO DEL ORO;0.01785; 6054 
 8 ; 1 ; 60 ;SANTA BARBARA;0.03419; 11597 
 8 ; 1 ; 61 ;SATEVO;0.01463; 4962 
 8 ; 1 ; 64 ;TULE, EL;0.00642; 2177 
 8 ; 1 ; 65 ;URIQUE;0.05205; 17655 
 8 ; 1 ; 66 ;URUACHI;0.02442; 8282 
 8 ; 1 ; 67 ;VALLE DE ZARAGOZA;0.01565; 5309 
;;;;;;;;;;;;;;
;;;;;;;;;;;;;;
 8 ; 2 ; 1 ;AHUMADA;0.03508; 11901 
 8 ; 2 ; 2 ;ALDAMA;0.05713; 19378 
 8 ; 2 ; 4 ;AQUILES SERDAN;0.01570; 5327 
 8 ; 2 ; 11 ;CAMARGO;0.13517; 45852 
 8 ; 2 ; 15 ;COYAME;0.00504; 1708 
 8 ; 2 ; 16 ;CRUZ, LA;0.01113; 3777 
 8 ; 2 ; 21 ;DELICIAS;0.34323; 116426 
 8 ; 2 ; 28 ;GUADALUPE;0.02957; 10032 
 8 ; 2 ; 36 ;JIMENEZ;0.11298; 38323 
 8 ; 2 ; 38 ;JULIMES;0.01523; 5165 
 8 ; 2 ; 42 ;MANUEL BENAVIDES;0.00515; 1746 
 8 ; 2 ; 45 ;MEOQUI;0.11797; 40018 
 8 ; 2 ; 52 ;OJINAGA;0.07166; 24307 
 8 ; 2 ; 53 ;PRAXEDIS G. GUERRERO;0.02625; 8905 
 8 ; 2 ; 55 ;ROSALES;0.04413; 14969 
 8 ; 2 ; 62 ;SAUCILLO;0.09034; 30644 
;;;;;;;;;;;;;;
;;;;;;;;;;;;;;
 8 ; 3 ; 6 ;BACHINIVA;0.01888; 6403 
 8 ; 3 ; 10 ;BUENAVENTURA;0.05913; 20056 
 8 ; 3 ; 13 ;CASAS GRANDES;0.02949; 10004 
 8 ; 3 ; 17 ;CUAUHTEMOC;0.36667; 124378 
 8 ; 3 ; 18 ;CUSIHUIRIACHI;0.01705; 5784 
 8 ; 3 ; 23 ;GALEANA;0.01143; 3876 
 8 ; 3 ; 24 ;SANTA ISABEL;0.01403; 4759 
 8 ; 3 ; 25 ;GOMEZ FARIAS;0.02614; 8867 
 8 ; 3 ; 26 ;GRAN MORELOS;0.01142; 3875 
 8 ; 3 ; 31 ;GUERRERO;0.11529; 39109 
 8 ; 3 ; 34 ;IGNACIO ZARAGOZA;0.02309; 7832 
 8 ; 3 ; 40 ;MADERA;0.10040; 34056 
 8 ; 3 ; 43 ;MATACHI;0.00950; 3221 
 8 ; 3 ; 47 ;MORIS;0.01539; 5219 
 8 ; 3 ; 48 ;NAMIQUIPA;0.06970; 23643 
 8 ; 3 ; 50 ;NUEVO CASAS GRANDES;0.16034; 54390 
 8 ; 3 ; 51 ;OCAMPO;0.02145; 7276 
 8 ; 3 ; 54 ;RIVA PALACIO;0.02954; 10020 
 8 ; 3 ; 63 ;TEMOSACHI;0.02060; 6989 
;;;;;;;;;;;;;;
;;;;;;;;;;;;;;
 8 ; 4 ; 19 ;CHIHUAHUA;0.98995; 335802 
;;;;;;;;;;;;;;
;;;;;;;;;;;;;;
 8 ; 5 ; 19 ;CHIHUAHUA;0.99049; 335988 
;;;;;;;;;;;;;;
;;;;;;;;;;;;;;
 8 ; 6 ; 5 ;ASCENCION;0.06468; 21939 
 8 ; 6 ; 35 ;JANOS;0.03011; 10214 
 8 ; 6 ; 37 ;JUAREZ;0.82723; 280608 
;;;;;;;;;;;;;;
;;;;;;;;;;;;;;
 8 ; 7 ; 37 ;JUAREZ;0.92111; 312453 
;;;;;;;;;;;;;;
;;;;;;;;;;;;;;
 8 ; 8 ; 37 ;JUAREZ;0.92265; 312973 
;;;;;;;;;;;;;;
;;;;;;;;;;;;;;
 8 ; 9 ; 37 ;JUAREZ;0.92209; 312783 
