Entidad|Distrito|Distrito_nuevo|Municipio|MUNICIPIO_VIRTUAL|Seccion|SECCION_VIRTUAL
7|1|10|16||186|
7|1|10|16||187|
7|1|10|16||188|
7|1|10|16||189|
7|1|10|16||190|
7|1|10|16||191|
7|1|10|16||192|
7|1|10|16||193|
7|1|10|16||194|
7|1|10|16||195|
7|1|10|16||196|
7|1|10|31||456|
7|1|10|31||457|
7|1|10|31||458|
7|1|10|31||459|
7|1|10|31||460|
7|1|10|31||461|
7|1|10|31||462|
7|1|10|31||463|
7|1|10|31||464|
7|1|10|31||465|
7|1|10|31||466|
7|1|10|31||467|
7|1|10|31||468|
7|1|10|31||469|
7|1|10|31||470|
7|1|10|31||471|
7|1|10|31||472|
7|1|10|31||473|
7|1|10|31||474|
7|1|10|31||475|
7|1|10|31||476|
7|1|10|31||477|
7|1|10|31||478|
7|1|10|31||479|
7|1|10|31||480|
7|1|10|31||481|
7|1|10|31||482|
7|1|10|31||483|
7|1|10|31||484|
7|1|10|31||485|
7|1|10|31||486|
7|1|10|31||487|
7|1|10|31||488|
7|1|10|50||692|
7|1|10|50||693|
7|1|10|50||694|
7|1|10|50||695|
7|1|10|50||696|
7|1|10|65||944|
7|1|10|65||945|
7|1|10|65||946|
7|1|10|65||947|
7|1|10|65||948|
7|1|10|65||949|
7|1|10|65||950|
7|1|10|65||951|
7|1|10|65||952|
7|1|10|65||953|
7|1|10|65||954|
7|1|10|65||955|
7|1|10|65||956|
7|1|10|65||957|
7|1|10|65||958|
7|1|10|65||959|
7|1|10|65||960|
7|1|10|65||961|
7|1|10|65||962|
7|1|10|65||963|
7|1|10|65||964|
7|1|10|65||965|
7|1|10|65||966|
7|1|10|65||967|
7|1|10|65||968|
7|1|10|65||969|
7|1|10|65||970|
7|1|10|65||971|
7|1|10|65||972|
7|1|10|65||973|
7|1|10|65||974|
7|1|10|65||975|
7|1|10|65||976|
7|1|11|75||1082|
7|1|11|75||1083|
7|1|11|75||1084|
7|1|11|75||1085|
7|1|11|75||1086|
7|1|11|75||1087|
7|1|11|75||1088|
7|1|11|75||1089|
7|1|11|75||1090|
7|1|11|75||1091|
7|1|10|76||1092|
7|1|10|76||1093|
7|1|10|76||1094|
7|1|10|76||1095|
7|1|10|76||1096|
7|1|10|76||1097|
7|1|10|76||1098|
7|1|10|76||1099|
7|1|10|76||1100|
7|1|10|76||1101|
7|1|10|76||1102|
7|1|10|76||1103|
7|1|10|76||1104|
7|1|10|76||1105|
7|1|10|76||1106|
7|1|10|76||1107|
7|1|10|76||1108|
7|1|10|76||1109|
7|1|10|76||1110|
7|1|10|76||1111|
7|1|10|76||1112|
7|1|10|96||1464|
7|1|10|96||1465|
7|1|10|96||1466|
7|1|10|96||1467|
7|1|10|96||1468|
7|1|10|96||1469|
7|1|10|96||1470|
7|1|10|96||1471|
7|1|10|96||1472|
7|1|10|96||1473|
7|1|10|96||1474|
7|1|10|96||1475|
7|1|10|96||1476|
7|1|10|96||1477|
7|1|10|96||1478|
7|1|10|96||1479|
7|1|10|96||1480|
7|1|10|96||1481|
7|1|10|96||1482|
7|1|10|96||1483|
7|1|10|96||1484|
7|1|10|96||1485|
7|1|10|100||1568|
7|1|10|100||1569|
7|1|10|100||1570|
7|1|10|100||1571|
7|1|10|100||1572|
7|1|10|100||1573|
7|1|10|100||1574|
7|1|10|100||1575|
7|1|10|100||1576|
7|1|10|100||1577|
7|1|10|100||1578|
7|1|10|100||1579|
7|1|10|110||1902|
7|1|10|110||1903|
7|1|10|110||1904|
7|1|10|110||1905|
7|1|10|110||1906|
7|1|10|110||1907|
7|1|10|110||1908|
7|1|10|110||1909|
7|1|10|110||1910|
7|1|10|110||1911|
7|1|10|110||1912|
7|1|10|110||1913|
7|1|10|110||1914|
7|2|1|5||44|
7|2|1|5||45|
7|2|1|5||46|
7|2|1|5||47|
7|2|1|5||48|
7|2|1|5||49|
7|2|1|5||50|
7|2|1|5||51|
7|2|1|5||52|
7|2|1|5||53|
7|2|11|14||155|
7|2|11|14||156|
7|2|11|14||157|
7|2|11|14||158|
7|2|11|14||159|
7|2|11|14||160|
7|2|11|14||161|
7|2|11|14||162|
7|2|11|25||381|
7|2|11|25||382|
7|2|11|25||383|
7|2|11|33||502|
7|2|11|33||503|
7|2|11|38||556|
7|2|11|38||557|
7|2|11|38||558|
7|2|11|38||559|
7|2|11|38||560|
7|2|11|38||561|
7|2|11|38||562|
7|2|11|38||563|
7|2|11|38||564|
7|2|11|38||565|
7|2|11|42||617|
7|2|11|42||618|
7|2|11|42||619|
7|2|11|42||620|
7|2|1|43||621|
7|2|1|43||622|
7|2|1|43||623|
7|2|1|43||624|
7|2|1|43||625|
7|2|1|43||626|
7|2|1|45||636|
7|2|1|45||637|
7|2|11|47||662|
7|2|11|47||663|
7|2|11|47||664|
7|2|11|47||665|
7|2|11|47||666|
7|2|11|47||667|
7|2|11|47||668|
7|2|1|48||669|
7|2|1|48||670|
7|2|1|48||671|
7|2|1|48||672|
7|2|1|48||673|
7|2|1|48||674|
7|2|1|48||675|
7|2|1|48||676|
7|2|1|48||677|
7|2|1|48||678|
7|2|1|48||679|
7|2|1|48||680|
7|2|1|48||681|
7|2|1|62||913|
7|2|1|62||914|
7|2|1|62||915|
7|2|1|62||916|
7|2|1|62||917|
7|2|1|62||918|
7|2|1|62||919|
7|2|1|62||920|
7|2|1|62||921|
7|2|1|62||922|
7|2|11|67||985|
7|2|11|67||986|
7|2|11|67||987|
7|2|11|67||988|
7|2|11|67||989|
7|2|1|68||990|
7|2|1|68||991|
7|2|1|68||992|
7|2|1|68||993|
7|2|1|68||994|
7|2|1|68||995|
7|2|1|68||996|
7|2|1|68||997|
7|2|1|68||998|
7|2|1|68||999|
7|2|1|68||1000|
7|2|1|68||1001|
7|2|1|68||1002|
7|2|1|68||1003|
7|2|1|68||1004|
7|2|1|68||1005|
7|2|1|68||1006|
7|2|1|68||1007|
7|2|11|71||1039|
7|2|11|71||1040|
7|2|11|71||1041|
7|2|11|71||1042|
7|2|11|71||1043|
7|2|11|71||1044|
7|2|11|71||1045|
7|2|11|71||1046|
7|2|11|71||1047|
7|2|11|71||1048|
7|2|11|72||1049|
7|2|11|72||1050|
7|2|11|72||1051|
7|2|1|73||1052|
7|2|1|73||1053|
7|2|1|73||1054|
7|2|1|73||1055|
7|2|1|73||1056|
7|2|1|73||1057|
7|2|1|73||1058|
7|2|1|73||1059|
7|2|1|73||1060|
7|2|1|73||1061|
7|2|1|73||1062|
7|2|1|73||1063|
7|2|1|73||1064|
7|2|1|73||1065|
7|2|1|73||1066|
7|2|1|73||1067|
7|2|1|73||1068|
7|2|1|73||1069|
7|2|11|82||1207|
7|2|11|82||1208|
7|2|11|82||1209|
7|2|11|82||1210|
7|2|11|82||1211|
7|2|11|82||1212|
7|2|11|82||1213|
7|2|11|82||1214|
7|2|11|82||1215|
7|2|11|82||1216|
7|2|11|82||1217|
7|2|11|82||1218|
7|2|11|82||1219|
7|2|11|82||1220|
7|2|11|82||1221|
7|2|1|85||1233|
7|2|1|85||1234|
7|2|1|85||1235|
7|2|1|89||1264|
7|2|11|91||1404|
7|2|11|91||1405|
7|2|11|92||1406|
7|2|11|92||1407|
7|2|11|92||1408|
7|2|11|92||1409|
7|2|11|92||1410|
7|3|9|4||35|
7|3|9|4||36|
7|3|9|4||37|
7|3|9|4||38|
7|3|9|4||39|
7|3|9|4||40|
7|3|9|4||41|
7|3|9|4||42|
7|3|9|4||43|
7|3|9|52||718|
7|3|9|52||719|
7|3|9|52||720|
7|3|9|52||721|
7|3|9|52||722|
7|3|9|52||723|
7|3|9|52||724|
7|3|9|52||725|
7|3|9|52||726|
7|3|9|52||727|
7|3|9|52||728|
7|3|9|52||729|
7|3|9|52||730|
7|3|9|52||731|
7|3|9|52||732|
7|3|9|52||733|
7|3|9|52||734|
7|3|9|52||735|
7|3|9|52||736|
7|3|9|52||737|
7|3|9|52||738|
7|3|9|52||739|
7|3|9|52||740|
7|3|9|52||741|
7|3|9|52||742|
7|3|9|52||743|
7|3|9|52||744|
7|3|9|52||745|
7|3|9|52||746|
7|3|9|52||747|
7|3|9|52||748|
7|3|9|52||749|
7|3|9|52||750|
7|3|9|52||751|
7|3|9|52||752|
7|3|9|52||753|
7|3|9|52||754|
7|3|9|52||755|
7|3|9|52||756|
7|3|9|52||757|
7|3|9|52||758|
7|3|9|52||759|
7|3|9|59||815|
7|3|9|59||816|
7|3|9|59||817|
7|3|9|59||818|
7|3|9|59||819|
7|3|9|59||820|
7|3|9|59||821|
7|3|9|59||822|
7|3|9|59||823|
7|3|9|59||824|
7|3|9|59||825|
7|3|9|59||826|
7|3|9|59||827|
7|3|9|59||828|
7|3|9|59||829|
7|3|9|59||830|
7|3|9|59||831|
7|3|9|59||832|
7|3|9|59||833|
7|3|9|59||834|
7|3|9|59||835|
7|3|9|59||836|
7|3|9|59||837|
7|3|9|59||838|
7|3|9|59||839|
7|3|9|59||840|
7|3|9|59||841|
7|3|9|59||842|
7|3|9|59||843|
7|3|9|59||844|
7|3|9|59||845|
7|3|9|59||846|
7|3|9|59||847|
7|3|9|59||848|
7|3|9|59||849|
7|3|9|59||850|
7|3|9|59||851|
7|3|9|59||852|
7|3|9|59||853|
7|3|9|59||854|
7|3|9|59||855|
7|3|9|59||856|
7|3|9|59||857|
7|3|9|59||858|
7|3|9|59||859|
7|3|9|59||860|
7|3|9|59||861|
7|3|9|59||862|
7|3|9|59||863|
7|3|9|59||864|
7|3|9|59||865|
7|3|9|59||866|
7|3|9|59||867|
7|3|9|59||868|
7|3|9|59||869|
7|3|9|59||870|
7|3|9|59||871|
7|3|9|59||872|
7|3|9|59||873|
7|3|9|59||874|
7|3|9|59||875|
7|3|9|59||876|
7|3|9|59||877|
7|3|9|59||878|
7|3|9|59||879|
7|3|9|59||880|
7|3|9|59||881|
7|3|9|64||925|
7|3|9|64||926|
7|3|9|64||927|
7|3|9|64||928|
7|3|9|64||929|
7|3|9|64||930|
7|3|9|64||931|
7|3|9|64||932|
7|3|9|64||933|
7|3|9|64||934|
7|3|9|64||935|
7|3|9|64||936|
7|3|9|64||937|
7|3|9|64||938|
7|3|9|64||939|
7|3|9|64||940|
7|3|9|64||941|
7|3|9|64||942|
7|3|9|64||943|
7|3|11|79||1178|
7|3|11|79||1179|
7|3|11|79||1180|
7|3|11|79||1181|
7|3|11|79||1182|
7|3|11|79||1183|
7|3|11|79||1184|
7|3|11|79||1185|
7|3|11|79||1186|
7|3|11|83||1222|
7|3|11|83||1223|
7|3|11|83||1224|
7|3|11|83||1225|
7|4|1|12||130|
7|4|1|12||131|
7|4|1|12||132|
7|4|1|12||133|
7|4|1|12||134|
7|4|1|12||135|
7|4|1|12||136|
7|4|1|12||137|
7|4|1|12||138|
7|4|1|12||139|
7|4|1|12||140|
7|4|1|12||141|
7|4|1|12||142|
7|4|1|12||143|
7|4|1|18||234|
7|4|1|18||235|
7|4|1|18||236|
7|4|1|18||237|
7|4|1|18||238|
7|4|1|21||317|
7|4|1|21||318|
7|4|1|21||319|
7|4|1|21||320|
7|4|1|21||321|
7|4|1|21||322|
7|4|1|21||323|
7|4|1|21||324|
7|4|1|21||325|
7|4|1|21||326|
7|4|1|21||327|
7|4|1|21||328|
7|4|1|21||329|
7|4|1|21||330|
7|4|5|29||436|
7|4|5|29||437|
7|4|5|29||438|
7|4|11|60||882|
7|4|11|60||883|
7|4|11|60||884|
7|4|1|61||885|
7|4|1|61||886|
7|4|1|61||887|
7|4|1|61||888|
7|4|1|61||889|
7|4|1|61||890|
7|4|1|61||891|
7|4|1|61||892|
7|4|1|61||893|
7|4|1|61||894|
7|4|1|61||895|
7|4|1|61||896|
7|4|1|61||897|
7|4|1|61||898|
7|4|1|61||899|
7|4|1|61||900|
7|4|1|61||901|
7|4|1|61||902|
7|4|1|61||903|
7|4|1|61||904|
7|4|1|61||905|
7|4|1|61||906|
7|4|1|61||907|
7|4|1|61||908|
7|4|1|61||909|
7|4|1|61||910|
7|4|1|61||911|
7|4|1|61||912|
7|4|5|63||923|
7|4|5|63||924|
7|4|1|78||1165|
7|4|1|78||1166|
7|4|1|78||1167|
7|4|1|78||1168|
7|4|1|78||1169|
7|4|1|78||1170|
7|4|1|78||1171|
7|4|1|78||1172|
7|4|1|78||1173|
7|4|1|78||1174|
7|4|1|78||1175|
7|4|1|78||1176|
7|4|1|78||1177|
7|4|5|87||1240|
7|4|5|87||1241|
7|4|5|87||1242|
7|4|5|87||1243|
7|4|5|87||1244|
7|4|5|87||1245|
7|4|5|87||1246|
7|4|1|93||1411|
7|4|1|93||1412|
7|4|1|93||1413|
7|4|1|93||1414|
7|4|1|93||1415|
7|4|1|93||1416|
7|4|1|93||1417|
7|4|1|93||1418|
7|4|1|93||1419|
7|4|1|93||1420|
7|4|1|93||1421|
7|4|1|93||1422|
7|4|1|93||1423|
7|4|1|93||1424|
7|4|1|93||1425|
7|4|1|93||1426|
7|4|1|93||1427|
7|4|1|93||1428|
7|4|1|93||1429|
7|4|1|93||1430|
7|4|1|93||1431|
7|4|1|93||1432|
7|4|1|93||1433|
7|4|1|93||1434|
7|4|1|93||1435|
7|4|1|93||1436|
7|4|1|93||1437|
7|4|2|109||1856|
7|4|2|109||1857|
7|4|2|109||1858|
7|4|2|109||1859|
7|4|2|109||1860|
7|4|2|109||1861|
7|4|2|109||1862|
7|4|2|109||1863|
7|4|2|109||1864|
7|4|2|109||1865|
7|4|2|109||1866|
7|4|2|109||1867|
7|4|2|109||1868|
7|4|2|109||1869|
7|4|2|109||1870|
7|4|2|109||1871|
7|4|2|109||1872|
7|4|2|109||1873|
7|4|2|109||1874|
7|4|2|109||1875|
7|4|2|109||1876|
7|4|2|109||1877|
7|4|2|109||1878|
7|4|2|109||1879|
7|4|2|109||1880|
7|4|2|109||1881|
7|4|2|109||1882|
7|4|2|109||1883|
7|4|2|109||1884|
7|4|2|109||1885|
7|4|2|109||1886|
7|4|2|109||1887|
7|4|2|109||1888|
7|4|2|109||1889|
7|4|2|109||1890|
7|4|2|109||1891|
7|4|2|109||1892|
7|4|2|109||1893|
7|4|2|109||1894|
7|4|2|109||1895|
7|4|2|109||1896|
7|4|2|109||1897|
7|4|2|109||1898|
7|4|2|109||1899|
7|4|2|109||1900|
7|4|2|109||1901|
7|5|11|22||331|
7|5|11|22||332|
7|5|11|22||333|
7|5|11|22||334|
7|5|11|22||335|
7|5|12|23||336|
7|5|12|23||337|
7|5|12|23||338|
7|5|12|23||339|
7|5|12|23||340|
7|5|12|23||341|
7|5|12|23||342|
7|5|12|23||343|
7|5|12|23||344|
7|5|12|23||345|
7|5|12|23||346|
7|5|12|23||347|
7|5|12|23||348|
7|5|12|23||349|
7|5|12|23||350|
7|5|12|23||351|
7|5|12|23||352|
7|5|12|23||353|
7|5|12|23||354|
7|5|12|23||355|
7|5|12|23||356|
7|5|12|23||357|
7|5|12|23||358|
7|5|12|23||359|
7|5|12|23||360|
7|5|12|23||361|
7|5|12|23||362|
7|5|12|23||363|
7|5|12|23||364|
7|5|12|23||365|
7|5|12|23||366|
7|5|12|23||367|
7|5|12|23||368|
7|5|12|23||369|
7|5|12|23||370|
7|5|12|23||371|
7|5|12|23||372|
7|5|12|23||373|
7|5|12|23||374|
7|5|11|26||384|
7|5|11|26||385|
7|5|11|26||386|
7|5|11|26||387|
7|5|11|26||388|
7|5|11|26||389|
7|5|11|26||390|
7|5|11|26||391|
7|5|11|26||392|
7|5|11|26||393|
7|5|11|26||394|
7|5|11|26||395|
7|5|11|26||396|
7|5|11|26||397|
7|5|11|26||398|
7|5|11|26||399|
7|5|11|26||400|
7|5|11|26||401|
7|5|12|39||566|
7|5|12|39||567|
7|5|12|39||568|
7|5|12|39||569|
7|5|12|39||570|
7|5|12|39||571|
7|5|12|39||572|
7|5|12|39||573|
7|5|12|39||574|
7|5|12|39||575|
7|5|12|39||576|
7|5|11|49||682|
7|5|11|49||683|
7|5|11|49||684|
7|5|11|49||685|
7|5|11|49||686|
7|5|11|49||687|
7|5|11|49||688|
7|5|11|49||689|
7|5|11|49||690|
7|5|11|49||691|
7|5|12|56||782|
7|5|12|56||783|
7|5|12|56||784|
7|5|12|56||785|
7|5|12|56||786|
7|5|11|66||977|
7|5|11|66||978|
7|5|11|66||979|
7|5|11|66||980|
7|5|11|66||981|
7|5|11|66||982|
7|5|11|66||983|
7|5|11|66||984|
7|5|12|77||1113|
7|5|12|77||1114|
7|5|12|77||1115|
7|5|12|77||1116|
7|5|12|77||1117|
7|5|12|77||1118|
7|5|12|77||1119|
7|5|12|77||1120|
7|5|12|77||1121|
7|5|12|77||1122|
7|5|12|77||1123|
7|5|12|77||1124|
7|5|12|77||1125|
7|5|12|77||1126|
7|5|12|77||1127|
7|5|12|77||1128|
7|5|12|77||1129|
7|5|12|77||1130|
7|5|12|77||1131|
7|5|12|77||1132|
7|5|12|77||1133|
7|5|12|77||1134|
7|5|12|77||1135|
7|5|12|77||1136|
7|5|12|77||1137|
7|5|12|77||1138|
7|5|12|77||1139|
7|5|12|77||1140|
7|5|12|77||1141|
7|5|12|77||1142|
7|5|12|77||1143|
7|5|12|77||1144|
7|5|12|77||1145|
7|5|12|77||1146|
7|5|12|77||1147|
7|5|12|77||1148|
7|5|12|77||1149|
7|5|12|77||1150|
7|5|12|77||1151|
7|5|12|77||1152|
7|5|12|77||1153|
7|5|12|77||1154|
7|5|12|77||1155|
7|5|12|77||1156|
7|5|12|77||1157|
7|5|12|77||1158|
7|5|12|77||1159|
7|5|12|77||1160|
7|5|12|77||1161|
7|5|12|77||1162|
7|5|12|77||1163|
7|5|12|77||1164|
7|5|12|94||1438|
7|5|12|94||1439|
7|5|12|94||1440|
7|5|12|94||1441|
7|5|12|94||1442|
7|5|12|94||1443|
7|5|12|94||1444|
7|5|12|94||1445|
7|5|12|94||1446|
7|5|12|94||1447|
7|5|12|94||1448|
7|5|12|94||1449|
7|5|12|94||1450|
7|5|12|94||1451|
7|5|12|94||1452|
7|5|12|94||1453|
7|5|12|111||1915|
7|5|12|111||1916|
7|5|12|111||1917|
7|5|12|111||1918|
7|5|12|111||1919|
7|5|12|111||1920|
7|5|12|111||1921|
7|5|12|111||1922|
7|5|12|111||1923|
7|5|12|111||1924|
7|5|12|111||1925|
7|5|12|111||1926|
7|5|12|111||1927|
7|5|12|111||1928|
7|5|12|111||1929|
7|6|5|2||7|
7|6|5|2||8|
7|6|5|2||9|
7|6|5|2||10|
7|6|5|2||11|
7|6|5|2||12|
7|6|5|2||13|
7|6|5|2||14|
7|6|5|2||15|
7|6|5|2||16|
7|6|5|2||17|
7|6|5|2||18|
7|6|5|2||19|
7|6|5|2||20|
7|6|11|13||144|
7|6|11|13||145|
7|6|11|13||146|
7|6|11|13||147|
7|6|11|13||148|
7|6|11|13||149|
7|6|11|13||150|
7|6|11|13||151|
7|6|11|13||152|
7|6|11|13||153|
7|6|11|13||154|
7|6|2|20||293|
7|6|2|20||294|
7|6|2|20||295|
7|6|2|20||296|
7|6|2|20||297|
7|6|2|20||298|
7|6|2|20||299|
7|6|2|20||300|
7|6|2|20||301|
7|6|2|20||302|
7|6|2|20||303|
7|6|2|20||304|
7|6|2|20||305|
7|6|2|20||306|
7|6|2|20||307|
7|6|2|20||308|
7|6|2|20||309|
7|6|2|20||310|
7|6|2|20||311|
7|6|2|20||312|
7|6|2|20||313|
7|6|2|20||314|
7|6|2|20||315|
7|6|2|20||316|
7|6|5|27||402|
7|6|5|27||403|
7|6|5|27||404|
7|6|5|27||405|
7|6|5|27||406|
7|6|5|27||407|
7|6|5|27||408|
7|6|5|27||409|
7|6|5|27||410|
7|6|5|27||411|
7|6|5|27||412|
7|6|5|27||413|
7|6|5|27||414|
7|6|5|27||415|
7|6|5|27||416|
7|6|5|27||417|
7|6|5|27||418|
7|6|5|27||419|
7|6|5|27||420|
7|6|5|27||421|
7|6|5|27||422|
7|6|5|27||423|
7|6|5|27||424|
7|6|5|27||425|
7|6|5|27||426|
7|6|5|27||427|
7|6|5|27||428|
7|6|5|27||429|
7|6|5|27||430|
7|6|5|27||431|
7|6|5|27||432|
7|6|5|28||433|
7|6|5|28||434|
7|6|5|28||435|
7|6|5|44||627|
7|6|5|44||628|
7|6|5|44||629|
7|6|5|44||630|
7|6|5|44||631|
7|6|5|44||632|
7|6|5|44||633|
7|6|5|44||634|
7|6|5|44||635|
7|6|5|58||814|
7|6|5|80||1187|
7|6|5|80||1188|
7|6|5|86||1236|
7|6|5|86||1237|
7|6|5|86||1238|
7|6|5|86||1239|
7|6|5|98||1530|
7|6|5|98||1531|
7|6|5|106||1786|
7|6|5|106||1787|
7|6|5|106||1788|
7|6|5|106||1789|
7|6|5|106||1790|
7|6|5|106||1791|
7|6|5|106||1792|
7|6|5|106||1793|
7|6|5|106||1794|
7|6|5|106||1795|
7|6|5|106||1796|
7|6|5|106||1797|
7|6|5|106||1798|
7|6|5|106||1799|
7|6|5|106||1800|
7|6|5|106||1801|
7|6|5|106||1802|
7|6|5|106||1803|
7|6|5|106||1804|
7|6|5|106||1805|
7|6|5|106||1806|
7|6|5|106||1807|
7|6|5|106||1808|
7|6|5|106||1809|
7|6|5|106||1810|
7|6|5|106||1811|
7|6|2|108||1828|
7|6|2|108||1829|
7|6|2|108||1830|
7|6|2|108||1831|
7|6|2|108||1832|
7|6|2|108||1833|
7|6|2|108||1834|
7|6|2|108||1835|
7|6|2|108||1836|
7|6|2|108||1837|
7|6|2|108||1838|
7|6|2|108||1839|
7|6|2|108||1840|
7|6|2|108||1841|
7|6|2|108||1842|
7|6|2|108||1843|
7|6|2|108||1844|
7|6|2|108||1845|
7|6|2|108||1846|
7|6|2|108||1847|
7|6|2|108||1848|
7|6|2|108||1849|
7|6|2|108||1850|
7|6|2|108||1851|
7|6|2|108||1852|
7|6|2|108||1853|
7|6|2|108||1854|
7|6|2|108||1855|
7|7|3|9||88|
7|7|3|9||89|
7|7|3|9||90|
7|7|3|9||91|
7|7|3|9||92|
7|7|3|9||93|
7|7|3|9||94|
7|7|3|9||95|
7|7|3|9||96|
7|7|3|9||97|
7|7|3|9||98|
7|7|3|9||99|
7|7|3|9||100|
7|7|3|9||101|
7|7|3|9||102|
7|7|3|9||103|
7|7|3|9||104|
7|7|3|9||105|
7|7|3|9||106|
7|7|3|9||107|
7|7|3|9||108|
7|7|3|9||109|
7|7|3|9||110|
7|7|3|9||111|
7|7|3|9||112|
7|7|2|17||197|
7|7|2|17||198|
7|7|2|17||199|
7|7|2|17||200|
7|7|2|17||201|
7|7|2|17||202|
7|7|2|17||203|
7|7|2|17||204|
7|7|2|17||205|
7|7|2|17||206|
7|7|2|17||207|
7|7|2|17||208|
7|7|2|17||209|
7|7|2|17||210|
7|7|2|17||211|
7|7|2|17||212|
7|7|2|17||213|
7|7|2|17||214|
7|7|2|17||215|
7|7|2|17||216|
7|7|2|17||217|
7|7|2|17||218|
7|7|2|17||219|
7|7|2|17||220|
7|7|2|17||221|
7|7|2|17||222|
7|7|2|17||223|
7|7|2|17||224|
7|7|2|17||225|
7|7|2|17||226|
7|7|2|17||227|
7|7|2|17||228|
7|7|2|17||229|
7|7|2|17||230|
7|7|2|17||231|
7|7|2|17||232|
7|7|2|17||233|
7|7|2|46||638|
7|7|2|46||639|
7|7|2|46||640|
7|7|2|46||641|
7|7|2|46||642|
7|7|2|46||643|
7|7|2|46||644|
7|7|2|46||645|
7|7|2|46||646|
7|7|2|46||647|
7|7|2|46||648|
7|7|2|46||649|
7|7|2|46||650|
7|7|2|46||651|
7|7|2|46||652|
7|7|2|46||653|
7|7|2|46||654|
7|7|2|46||655|
7|7|2|46||656|
7|7|2|46||657|
7|7|2|46||658|
7|7|2|46||659|
7|7|2|46||660|
7|7|2|46||661|
7|7|3|69||1008|
7|7|3|69||1009|
7|7|3|69||1010|
7|7|3|69||1011|
7|7|3|69||1012|
7|7|3|69||1013|
7|7|3|69||1014|
7|7|3|69||1015|
7|7|3|69||1016|
7|7|3|69||1017|
7|7|3|69||1018|
7|7|3|69||1019|
7|7|3|69||1020|
7|7|3|69||1021|
7|7|3|69||1022|
7|7|3|69||1023|
7|7|3|69||1024|
7|7|3|69||1025|
7|7|3|69||1026|
7|7|3|69||1027|
7|7|3|69||1028|
7|7|3|69||1029|
7|7|3|69||1030|
7|7|3|69||1031|
7|7|3|69||1032|
7|7|3|69||1033|
7|7|3|97||1486|
7|7|3|97||1487|
7|7|3|97||1488|
7|7|3|97||1489|
7|7|3|97||1490|
7|7|3|97||1491|
7|7|3|97||1492|
7|7|3|97||1493|
7|7|3|97||1494|
7|7|3|97||1495|
7|7|3|97||1496|
7|7|3|97||1497|
7|7|3|97||1498|
7|7|3|97||1499|
7|7|3|97||1500|
7|7|3|97||1501|
7|7|3|97||1502|
7|7|3|97||1503|
7|7|3|97||1504|
7|7|3|97||1505|
7|7|3|97||1506|
7|7|3|97||1507|
7|7|3|97||1508|
7|7|3|97||1509|
7|7|3|97||1510|
7|7|3|97||1511|
7|7|3|97||1512|
7|7|3|97||1513|
7|7|3|97||1514|
7|7|3|97||1515|
7|7|3|97||1516|
7|7|3|97||1517|
7|7|3|97||1518|
7|7|3|97||1519|
7|7|3|97||1520|
7|7|3|97||1521|
7|7|3|97||1522|
7|7|3|97||1523|
7|7|3|97||1524|
7|7|3|97||1525|
7|7|3|97||1526|
7|7|3|97||1527|
7|7|3|97||1528|
7|7|3|97||1529|
7|8|12|7||68|
7|8|12|7||69|
7|8|12|7||70|
7|8|12|7||71|
7|8|4|19||239|
7|8|4|19||240|
7|8|4|19||241|
7|8|4|19||242|
7|8|4|19||243|
7|8|4|19||244|
7|8|4|19||245|
7|8|4|19||246|
7|8|4|19||247|
7|8|4|19||248|
7|8|4|19||249|
7|8|4|19||250|
7|8|4|19||251|
7|8|4|19||252|
7|8|4|19||253|
7|8|4|19||254|
7|8|4|19||255|
7|8|4|19||256|
7|8|4|19||257|
7|8|4|19||258|
7|8|4|19||259|
7|8|4|19||260|
7|8|4|19||261|
7|8|4|19||262|
7|8|4|19||263|
7|8|4|19||264|
7|8|4|19||265|
7|8|4|19||266|
7|8|4|19||267|
7|8|4|19||268|
7|8|4|19||269|
7|8|4|19||270|
7|8|4|19||271|
7|8|4|19||272|
7|8|4|19||273|
7|8|4|19||274|
7|8|4|19||275|
7|8|4|19||276|
7|8|4|19||277|
7|8|4|19||278|
7|8|4|19||279|
7|8|4|19||280|
7|8|4|19||281|
7|8|4|19||282|
7|8|4|19||283|
7|8|4|19||284|
7|8|4|19||285|
7|8|4|19||286|
7|8|4|19||287|
7|8|4|19||288|
7|8|4|19||289|
7|8|4|19||290|
7|8|4|19||291|
7|8|4|19||292|
7|8|9|24||375|
7|8|9|24||376|
7|8|9|24||377|
7|8|9|24||378|
7|8|9|24||379|
7|8|9|24||380|
7|8|4|41||602|
7|8|4|41||603|
7|8|4|41||604|
7|8|4|41||605|
7|8|4|41||606|
7|8|4|41||607|
7|8|4|41||608|
7|8|4|41||609|
7|8|4|41||610|
7|8|4|41||611|
7|8|4|41||612|
7|8|4|41||613|
7|8|4|41||614|
7|8|4|41||615|
7|8|4|41||616|
7|8|5|74||1070|
7|8|5|74||1071|
7|8|5|74||1072|
7|8|5|74||1073|
7|8|5|74||1074|
7|8|5|74||1075|
7|8|5|74||1076|
7|8|5|74||1077|
7|8|5|74||1078|
7|8|5|74||1079|
7|8|5|74||1080|
7|8|5|74||1081|
7|8|4|84||1226|
7|8|4|84||1227|
7|8|4|84||1228|
7|8|4|84||1229|
7|8|4|84||1230|
7|8|4|84||1231|
7|8|4|84||1232|
7|8|12|95||1454|
7|8|12|95||1455|
7|8|12|95||1456|
7|8|12|95||1457|
7|8|12|95||1458|
7|8|12|95||1459|
7|8|12|95||1460|
7|8|12|95||1461|
7|8|12|95||1462|
7|8|12|95||1463|
7|8|4|99||1532|
7|8|4|99||1533|
7|8|4|99||1534|
7|8|4|99||1535|
7|8|4|99||1536|
7|8|4|99||1537|
7|8|4|99||1538|
7|8|4|99||1539|
7|8|4|99||1540|
7|8|4|99||1541|
7|8|4|99||1542|
7|8|4|99||1543|
7|8|4|99||1544|
7|8|4|99||1545|
7|8|4|99||1546|
7|8|4|99||1547|
7|8|4|99||1548|
7|8|4|99||1549|
7|8|4|99||1550|
7|8|4|99||1551|
7|8|4|99||1552|
7|8|4|99||1553|
7|8|4|99||1554|
7|8|4|99||1555|
7|8|4|99||1556|
7|8|4|99||1557|
7|8|4|99||1558|
7|8|4|99||1559|
7|8|4|99||1560|
7|8|4|99||1561|
7|8|4|99||1562|
7|8|4|99||1563|
7|8|4|99||1564|
7|8|4|99||1565|
7|8|4|99||1566|
7|8|4|99||1567|
7|8|4|104||1771|
7|8|4|104||1772|
7|8|4|104||1773|
7|8|4|104||1774|
7|8|4|104||1775|
7|8|4|104||1776|
7|8|4|104||1777|
7|9|8|102||1602|
7|9|8|102||1603|
7|9|8|102||1604|
7|9|8|102||1605|
7|9|8|102||1606|
7|9|8|102||1607|
7|9|8|102||1608|
7|9|8|102||1609|
7|9|8|102||1610|
7|9|8|102||1611|
7|9|8|102||1612|
7|9|8|102||1613|
7|9|8|102||1614|
7|9|8|102||1615|
7|9|8|102||1616|
7|9|8|102||1617|
7|9|8|102||1618|
7|9|8|102||1619|
7|9|8|102||1620|
7|9|8|102||1621|
7|9|8|102||1622|
7|9|8|102||1623|
7|9|8|102||1624|
7|9|8|102||1625|
7|9|8|102||1626|
7|9|8|102||1627|
7|9|8|102||1628|
7|9|8|102||1629|
7|9|8|102||1630|
7|9|8|102||1631|
7|9|8|102||1632|
7|9|8|102||1633|
7|9|8|102||1634|
7|9|8|102||1635|
7|9|8|102||1636|
7|9|5|102||1637|
7|9|5|102||1638|
7|9|5|102||1639|
7|9|5|102||1640|
7|9|5|102||1641|
7|9|5|102||1642|
7|9|5|102||1643|
7|9|5|102||1644|
7|9|8|102||1645|
7|9|8|102||1646|
7|9|8|102||1647|
7|9|8|102||1648|
7|9|8|102||1649|
7|9|8|102||1650|
7|9|8|102||1651|
7|9|8|102||1652|
7|9|8|102||1653|
7|9|8|102||1654|
7|9|8|102||1655|
7|9|8|102||1656|
7|9|8|102||1657|
7|9|8|102||1658|
7|9|8|102||1659|
7|9|8|102||1660|
7|9|8|102||1661|
7|9|8|102||1662|
7|9|8|102||1663|
7|9|8|102||1664|
7|9|8|102||1665|
7|9|8|102||1666|
7|9|8|102||1667|
7|9|8|102||1668|
7|9|8|102||1669|
7|9|8|102||1670|
7|9|8|102||1671|
7|9|5|102||1672|
7|9|5|102||1673|
7|9|8|102||1674|
7|9|8|102||1675|
7|9|8|102||1676|
7|9|8|102||1677|
7|9|8|102||1678|
7|9|8|102||1679|
7|9|8|102||1680|
7|9|8|102||1681|
7|9|8|102||1682|
7|9|8|102||1683|
7|9|8|102||1684|
7|9|8|102||1685|
7|9|8|102||1686|
7|9|8|102||1687|
7|9|8|102||1688|
7|9|8|102||1689|
7|9|8|102||1690|
7|9|8|102||1691|
7|9|8|102||1692|
7|9|8|102||1693|
7|9|8|102||1694|
7|9|8|102||1695|
7|9|8|102||1696|
7|9|8|102||1697|
7|9|8|102||1698|
7|9|8|102||1699|
7|9|8|102||1700|
7|9|5|102||1701|
7|9|5|102||1702|
7|9|5|102||1703|
7|9|5|102||1704|
7|9|5|102||1705|
7|9|5|102||1706|
7|9|8|102||1707|
7|9|8|102||1708|
7|9|8|102||1709|
7|9|8|102||1710|
7|9|8|102||1711|
7|9|8|102||1712|
7|9|8|102||1713|
7|9|8|102||1714|
7|9|8|102||1715|
7|9|8|102||1716|
7|9|8|102||1717|
7|9|8|102||1718|
7|9|8|102||1719|
7|9|8|102||1720|
7|9|8|102||1721|
7|9|8|102||1722|
7|9|8|102||1723|
7|9|8|102||1724|
7|9|8|102||1725|
7|9|8|102||1726|
7|9|8|102||1727|
7|9|8|102||1728|
7|9|8|102||1729|
7|9|8|102||1730|
7|9|8|102||1731|
7|9|8|102||1732|
7|9|8|102||1733|
7|9|8|102||1734|
7|9|5|102||1735|
7|9|5|102||1736|
7|9|5|102||1737|
7|9|5|102||1738|
7|9|5|102||1739|
7|9|8|102||1740|
7|9|8|102||1741|
7|9|5|102||1742|
7|9|8|102||1743|
7|9|8|102||1744|
7|9|5|102||1745|
7|9|5|102||1746|
7|9|5|102||1747|
7|9|5|102||1748|
7|9|5|102||1749|
7|9|8|102||1750|
7|9|8|102||1751|
7|9|8|102||1752|
7|9|5|102||1753|
7|9|8|102||1754|
7|10|6|6||54|
7|10|6|6||55|
7|10|6|6||56|
7|10|6|6||57|
7|10|6|6||58|
7|10|6|6||59|
7|10|6|6||60|
7|10|6|6||61|
7|10|6|6||62|
7|10|6|6||63|
7|10|6|6||64|
7|10|6|6||65|
7|10|6|6||66|
7|10|6|6||67|
7|10|2|8||72|
7|10|2|8||73|
7|10|2|8||74|
7|10|2|8||75|
7|10|2|8||76|
7|10|2|8||77|
7|10|2|8||78|
7|10|2|8||79|
7|10|2|8||80|
7|10|2|8||81|
7|10|2|8||82|
7|10|2|8||83|
7|10|2|8||84|
7|10|2|8||85|
7|10|2|8||86|
7|10|2|8||87|
7|10|6|10||113|
7|10|6|10||114|
7|10|6|10||115|
7|10|4|11||116|
7|10|4|11||117|
7|10|4|11||118|
7|10|4|11||119|
7|10|4|11||120|
7|10|4|11||121|
7|10|4|11||122|
7|10|4|11||123|
7|10|4|11||124|
7|10|4|11||125|
7|10|4|11||126|
7|10|4|11||127|
7|10|4|11||128|
7|10|4|11||129|
7|10|4|30||439|
7|10|4|30||440|
7|10|4|30||441|
7|10|4|30||442|
7|10|4|30||443|
7|10|4|30||444|
7|10|4|30||445|
7|10|4|30||446|
7|10|4|30||447|
7|10|4|30||448|
7|10|4|30||449|
7|10|4|30||450|
7|10|4|30||451|
7|10|4|30||452|
7|10|4|30||453|
7|10|4|30||454|
7|10|4|30||455|
7|10|4|34||504|
7|10|4|34||505|
7|10|4|34||506|
7|10|4|34||507|
7|10|4|34||508|
7|10|4|34||509|
7|10|4|34||510|
7|10|4|34||511|
7|10|4|34||512|
7|10|4|34||513|
7|10|4|34||514|
7|10|4|34||515|
7|10|4|34||516|
7|10|4|34||517|
7|10|4|34||518|
7|10|4|34||519|
7|10|4|34||520|
7|10|4|34||521|
7|10|4|34||522|
7|10|4|34||523|
7|10|4|34||524|
7|10|4|34||525|
7|10|4|34||526|
7|10|4|34||527|
7|10|4|34||528|
7|10|4|34||529|
7|10|4|34||530|
7|10|4|34||531|
7|10|6|36||537|
7|10|6|36||538|
7|10|6|36||539|
7|10|6|53||760|
7|10|6|53||761|
7|10|6|53||762|
7|10|6|53||763|
7|10|6|53||764|
7|10|6|57||787|
7|10|6|57||788|
7|10|6|57||789|
7|10|6|57||790|
7|10|6|57||791|
7|10|6|57||792|
7|10|6|57||793|
7|10|6|57||794|
7|10|6|57||795|
7|10|6|57||796|
7|10|6|57||797|
7|10|6|57||798|
7|10|6|57||799|
7|10|6|57||800|
7|10|6|57||801|
7|10|6|57||802|
7|10|6|57||803|
7|10|6|57||804|
7|10|6|57||805|
7|10|6|57||806|
7|10|6|57||807|
7|10|6|57||808|
7|10|6|57||809|
7|10|6|57||810|
7|10|6|57||811|
7|10|6|57||812|
7|10|6|57||813|
7|10|6|70||1034|
7|10|6|70||1035|
7|10|6|70||1036|
7|10|6|70||1037|
7|10|6|70||1038|
7|10|3|81||1189|
7|10|3|81||1190|
7|10|3|81||1191|
7|10|3|81||1192|
7|10|3|81||1193|
7|10|3|81||1194|
7|10|3|81||1195|
7|10|3|81||1196|
7|10|3|81||1197|
7|10|3|81||1198|
7|10|3|81||1199|
7|10|3|81||1200|
7|10|3|81||1201|
7|10|3|81||1202|
7|10|3|81||1203|
7|10|3|81||1204|
7|10|3|81||1205|
7|10|3|81||1206|
7|11|3|1||1|
7|11|3|1||2|
7|11|3|1||3|
7|11|3|1||4|
7|11|3|1||5|
7|11|3|1||6|
7|11|3|3||21|
7|11|3|3||22|
7|11|3|3||23|
7|11|3|3||24|
7|11|3|3||25|
7|11|3|3||26|
7|11|3|3||27|
7|11|3|3||28|
7|11|3|3||29|
7|11|3|3||30|
7|11|3|3||31|
7|11|3|3||32|
7|11|3|3||33|
7|11|3|3||34|
7|11|3|32||489|
7|11|3|32||490|
7|11|3|32||491|
7|11|3|32||492|
7|11|3|32||493|
7|11|3|32||494|
7|11|3|32||495|
7|11|3|32||496|
7|11|3|32||497|
7|11|3|32||498|
7|11|3|32||499|
7|11|3|32||500|
7|11|3|32||501|
7|11|7|37||540|
7|11|7|37||541|
7|11|7|37||542|
7|11|7|37||543|
7|11|7|37||544|
7|11|7|37||545|
7|11|7|37||546|
7|11|7|37||547|
7|11|7|37||548|
7|11|7|37||549|
7|11|7|37||550|
7|11|7|37||551|
7|11|7|37||552|
7|11|7|37||553|
7|11|7|37||554|
7|11|7|37||555|
7|11|7|40||577|
7|11|7|40||578|
7|11|7|40||579|
7|11|7|40||580|
7|11|7|40||581|
7|11|7|40||582|
7|11|7|40||583|
7|11|7|40||584|
7|11|7|40||585|
7|11|7|40||586|
7|11|7|40||587|
7|11|7|40||588|
7|11|7|40||589|
7|11|7|40||590|
7|11|7|40||591|
7|11|7|40||592|
7|11|7|40||593|
7|11|7|40||594|
7|11|7|40||595|
7|11|7|40||596|
7|11|7|40||597|
7|11|7|40||598|
7|11|7|40||599|
7|11|7|40||600|
7|11|7|40||601|
7|11|3|51||697|
7|11|3|51||698|
7|11|3|51||699|
7|11|3|51||700|
7|11|3|51||701|
7|11|3|51||702|
7|11|3|51||703|
7|11|3|51||704|
7|11|3|51||705|
7|11|3|51||706|
7|11|3|51||707|
7|11|3|51||708|
7|11|3|51||709|
7|11|3|51||710|
7|11|3|51||711|
7|11|3|51||712|
7|11|3|51||713|
7|11|3|51||714|
7|11|3|51||715|
7|11|3|51||716|
7|11|3|51||717|
7|11|7|54||765|
7|11|7|54||766|
7|11|7|54||767|
7|11|7|54||768|
7|11|7|54||769|
7|11|7|54||770|
7|11|7|54||771|
7|11|7|54||772|
7|11|7|54||773|
7|11|7|54||774|
7|11|7|54||775|
7|11|7|54||776|
7|11|7|54||777|
7|11|7|54||778|
7|11|7|54||779|
7|11|7|103||1755|
7|11|7|103||1756|
7|11|7|103||1757|
7|11|7|103||1758|
7|11|7|103||1759|
7|11|7|103||1760|
7|11|7|103||1761|
7|11|7|103||1762|
7|11|7|103||1763|
7|11|7|103||1764|
7|11|7|103||1765|
7|11|7|103||1766|
7|11|7|103||1767|
7|11|7|103||1768|
7|11|7|103||1769|
7|11|7|103||1770|
7|11|3|107||1812|
7|11|3|107||1813|
7|11|3|107||1814|
7|11|3|107||1815|
7|11|3|107||1816|
7|11|3|107||1817|
7|11|3|107||1818|
7|11|3|107||1819|
7|11|3|107||1820|
7|11|3|107||1821|
7|11|3|107||1822|
7|11|3|107||1823|
7|11|3|107||1824|
7|11|3|107||1825|
7|11|3|107||1826|
7|11|3|107||1827|
7|12|6|15||163|
7|12|6|15||164|
7|12|6|15||165|
7|12|6|15||166|
7|12|6|15||167|
7|12|6|15||168|
7|12|6|15||169|
7|12|6|15||170|
7|12|6|15||171|
7|12|6|15||172|
7|12|6|15||173|
7|12|6|15||174|
7|12|6|15||175|
7|12|6|15||176|
7|12|6|15||177|
7|12|6|15||178|
7|12|6|15||179|
7|12|6|15||180|
7|12|6|15||181|
7|12|6|15||182|
7|12|6|15||183|
7|12|6|15||184|
7|12|6|15||185|
7|12|7|35||532|
7|12|7|35||533|
7|12|7|35||534|
7|12|7|35||535|
7|12|7|35||536|
7|12|6|55||780|
7|12|6|55||781|
7|12|7|88||1247|
7|12|7|88||1248|
7|12|7|88||1249|
7|12|7|88||1250|
7|12|7|88||1251|
7|12|7|88||1252|
7|12|7|88||1253|
7|12|7|88||1254|
7|12|7|88||1255|
7|12|7|88||1256|
7|12|7|88||1257|
7|12|7|88||1258|
7|12|7|88||1259|
7|12|7|88||1260|
7|12|7|88||1261|
7|12|7|88||1262|
7|12|7|88||1263|
7|12|6|90||1265|
7|12|6|90||1266|
7|12|6|90||1267|
7|12|6|90||1268|
7|12|6|90||1269|
7|12|6|90||1270|
7|12|6|90||1271|
7|12|6|90||1272|
7|12|6|90||1273|
7|12|6|90||1274|
7|12|6|90||1275|
7|12|6|90||1276|
7|12|6|90||1277|
7|12|6|90||1278|
7|12|6|90||1279|
7|12|6|90||1280|
7|12|6|90||1281|
7|12|6|90||1282|
7|12|6|90||1283|
7|12|6|90||1284|
7|12|6|90||1285|
7|12|6|90||1286|
7|12|6|90||1287|
7|12|6|90||1288|
7|12|6|90||1289|
7|12|6|90||1290|
7|12|6|90||1291|
7|12|6|90||1292|
7|12|6|90||1293|
7|12|6|90||1294|
7|12|6|90||1295|
7|12|6|90||1296|
7|12|6|90||1297|
7|12|6|90||1298|
7|12|6|90||1299|
7|12|6|90||1300|
7|12|6|90||1301|
7|12|7|90||1302|
7|12|7|90||1303|
7|12|7|90||1304|
7|12|7|90||1305|
7|12|7|90||1306|
7|12|7|90||1307|
7|12|7|90||1308|
7|12|7|90||1309|
7|12|7|90||1310|
7|12|7|90||1311|
7|12|6|90||1312|
7|12|7|90||1313|
7|12|7|90||1314|
7|12|7|90||1315|
7|12|7|90||1316|
7|12|7|90||1317|
7|12|7|90||1318|
7|12|7|90||1319|
7|12|7|90||1320|
7|12|7|90||1321|
7|12|7|90||1322|
7|12|7|90||1323|
7|12|7|90||1324|
7|12|7|90||1325|
7|12|7|90||1326|
7|12|7|90||1327|
7|12|7|90||1328|
7|12|7|90||1329|
7|12|7|90||1330|
7|12|7|90||1331|
7|12|7|90||1332|
7|12|7|90||1333|
7|12|7|90||1334|
7|12|7|90||1335|
7|12|7|90||1336|
7|12|7|90||1337|
7|12|7|90||1338|
7|12|7|90||1339|
7|12|7|90||1340|
7|12|7|90||1341|
7|12|7|90||1342|
7|12|7|90||1343|
7|12|6|90||1344|
7|12|6|90||1345|
7|12|6|90||1346|
7|12|6|90||1347|
7|12|6|90||1348|
7|12|6|90||1349|
7|12|6|90||1350|
7|12|6|90||1351|
7|12|6|90||1352|
7|12|6|90||1353|
7|12|6|90||1354|
7|12|6|90||1355|
7|12|6|90||1356|
7|12|6|90||1357|
7|12|6|90||1358|
7|12|6|90||1359|
7|12|6|90||1360|
7|12|6|90||1361|
7|12|6|90||1362|
7|12|6|90||1363|
7|12|6|90||1364|
7|12|6|90||1365|
7|12|6|90||1366|
7|12|6|90||1367|
7|12|6|90||1368|
7|12|6|90||1369|
7|12|6|90||1370|
7|12|6|90||1371|
7|12|6|90||1372|
7|12|6|90||1373|
7|12|6|90||1374|
7|12|6|90||1375|
7|12|6|90||1376|
7|12|7|90||1377|
7|12|7|90||1378|
7|12|7|90||1379|
7|12|7|90||1380|
7|12|7|90||1381|
7|12|7|90||1382|
7|12|7|90||1383|
7|12|7|90||1384|
7|12|7|90||1385|
7|12|7|90||1386|
7|12|7|90||1387|
7|12|7|90||1388|
7|12|7|90||1389|
7|12|7|90||1390|
7|12|7|90||1391|
7|12|7|90||1392|
7|12|7|90||1393|
7|12|7|90||1394|
7|12|7|90||1395|
7|12|7|90||1396|
7|12|7|90||1397|
7|12|7|90||1398|
7|12|7|90||1399|
7|12|7|90||1400|
7|12|7|90||1401|
7|12|6|90||1402|
7|12|7|90||1403|
7|12|6|101||1580|
7|12|6|101||1581|
7|12|6|101||1582|
7|12|6|101||1583|
7|12|6|101||1584|
7|12|6|101||1585|
7|12|6|101||1586|
7|12|6|101||1587|
7|12|6|101||1588|
7|12|6|101||1589|
7|12|6|101||1590|
7|12|6|101||1591|
7|12|6|101||1592|
7|12|6|101||1593|
7|12|6|101||1594|
7|12|6|101||1595|
7|12|6|101||1596|
7|12|6|101||1597|
7|12|6|101||1598|
7|12|6|101||1599|
7|12|6|101||1600|
7|12|6|101||1601|
7|12|6|105||1778|
7|12|6|105||1779|
7|12|6|105||1780|
7|12|6|105||1781|
7|12|6|105||1782|
7|12|6|105||1783|
7|12|6|105||1784|
7|12|6|105||1785|
