EDO;DTO;MPO;NOMBRE;FCTMPAL;POB00
 5 ; 1 ; 7 ;CUATROCIENEGAS;0.03702; 12154 
 5 ; 1 ; 9 ;FRANCISCO I. MADERO;0.14149; 46452 
 5 ; 1 ; 16 ;LAMADRID;0.00542; 1781 
 5 ; 1 ; 20 ;MUZQUIZ;0.19121; 62773 
 5 ; 1 ; 21 ;NADADORES;0.01811; 5946 
 5 ; 1 ; 23 ;OCAMPO;0.03671; 12053 
 5 ; 1 ; 28 ;SABINAS;0.15955; 52379 
 5 ; 1 ; 29 ;SACRAMENTO;0.00611; 2006 
 5 ; 1 ; 31 ;SAN BUENAVENTURA;0.06106; 20046 
 5 ; 1 ; 32 ;SAN JUAN DE SABINAS;0.12226; 40138 
 5 ; 1 ; 33 ;SAN PEDRO;0.26910; 88343 
 5 ; 1 ; 34 ;SIERRA MOJADA;0.01835; 6023 
;;;;;;;;;;;;;;
;;;;;;;;;;;;;;
 5 ; 2 ; 1 ;ABASOLO;0.00343; 1126 
 5 ; 2 ; 2 ;ACU\A;0.33655; 110487 
 5 ; 2 ; 3 ;ALLENDE;0.06379; 20943 
 5 ; 2 ; 8 ;ESCOBEDO;0.00848; 2784 
 5 ; 2 ; 12 ;GUERRERO;0.00624; 2050 
 5 ; 2 ; 13 ;HIDALGO;0.00439; 1441 
 5 ; 2 ; 14 ;JIMENEZ;0.02962; 9724 
 5 ; 2 ; 15 ;JUAREZ;0.00490; 1610 
 5 ; 2 ; 19 ;MORELOS;0.02212; 7263 
 5 ; 2 ; 22 ;NAVA;0.07012; 23019 
 5 ; 2 ; 25 ;PIEDRAS NEGRAS;0.39029; 128130 
 5 ; 2 ; 26 ;PROGRESO;0.01099; 3608 
 5 ; 2 ; 37 ;VILLA UNION;0.01876; 6159 
 5 ; 2 ; 38 ;ZARAGOZA;0.03857; 12664 
;;;;;;;;;;;;;;
;;;;;;;;;;;;;;
 5 ; 3 ; 17 ;MATAMOROS;0.28157; 92440 
 5 ; 3 ; 24 ;PARRAS;0.13201; 43339 
 5 ; 3 ; 35 ;TORREON;0.55850; 183352 
 5 ; 3 ; 36 ;VIESCA;0.05778; 18969 
 5 ; 3 ; 900 ;TORREON SUR;0.00000; 4007 
;;;;;;;;;;;;;;
;;;;;;;;;;;;;;
 5 ; 4 ; 4 ;ARTEAGA;0.05901; 19374 
 5 ; 4 ; 5 ;CANDELA;0.00511; 1677 
 5 ; 4 ; 6 ;CASTA\OS;0.06863; 22530 
 5 ; 4 ; 10 ;FRONTERA;0.20280; 66579 
 5 ; 4 ; 11 ;GENERAL CEPEDA;0.03447; 11316 
 5 ; 4 ; 18 ;MONCLOVA;0.59015; 193744 
 5 ; 4 ; 27 ;RAMOS ARIZPE;0.12139; 39853 
;;;;;;;;;;;;;;
;;;;;;;;;;;;;;
 5 ; 5 ; 35 ;TORREON;1.04096; 341742 
;;;;;;;;;;;;;;
;;;;;;;;;;;;;;
 5 ; 6 ; 30 ;SALTILLO;0.88062; 289104 
;;;;;;;;;;;;;;
;;;;;;;;;;;;;;
 5 ; 7 ; 30 ;SALTILLO;0.88013; 288942 
