Entidad|Distrito|Distrito_nuevo|Municipio|MUNICIPIO_VIRTUAL|Seccion|SECCION_VIRTUAL
16|1|9|11||184|
16|1|9|11||185|
16|1|9|11||186|
16|1|9|11||187|
16|1|9|11||188|
16|1|9|11||189|
16|1|8|28||411|
16|1|8|28||412|
16|1|8|28||413|
16|1|8|28||414|
16|1|8|28||415|
16|1|8|28||416|
16|1|8|28||417|
16|1|8|28||418|
16|1|8|28||419|
16|1|10|30||433|
16|1|10|30||434|
16|1|10|30||435|
16|1|10|30||436|
16|1|10|30||437|
16|1|10|30||438|
16|1|10|30||439|
16|1|10|30||440|
16|1|10|30||441|
16|1|10|30||442|
16|1|10|30||443|
16|1|10|30||444|
16|1|10|30||445|
16|1|8|61||1369|
16|1|8|61||1370|
16|1|8|61||1371|
16|1|8|61||1372|
16|1|8|61||1373|
16|1|8|61||1374|
16|1|8|61||1375|
16|1|8|61||1376|
16|1|8|61||1377|
16|1|8|68||1498|
16|1|8|68||1499|
16|1|8|68||1500|
16|1|8|68||1501|
16|1|8|68||1502|
16|1|8|68||1503|
16|1|8|68||1504|
16|1|8|68||1505|
16|1|8|68||1506|
16|1|8|68||1507|
16|1|8|68||1508|
16|1|8|68||1509|
16|1|8|68||1510|
16|1|8|68||1511|
16|1|8|68||1512|
16|1|8|68||1513|
16|1|8|68||1514|
16|1|8|68||1515|
16|1|8|68||1516|
16|1|10|70||1529|
16|1|10|70||1530|
16|1|10|70||1531|
16|1|10|70||1532|
16|1|10|70||1533|
16|1|10|70||1534|
16|1|10|70||1535|
16|1|10|70||1536|
16|1|10|70||1537|
16|1|10|70||1538|
16|1|10|70||1539|
16|1|10|70||1540|
16|1|10|70||1541|
16|1|10|70||1542|
16|1|10|70||1543|
16|1|10|70||1544|
16|1|10|70||1545|
16|1|10|70||1546|
16|1|10|70||1547|
16|1|10|70||1548|
16|1|10|70||1549|
16|1|10|70||1550|
16|1|10|70||1551|
16|1|10|70||1552|
16|1|10|70||1553|
16|1|10|70||1554|
16|1|10|70||1555|
16|1|10|70||1556|
16|1|10|70||1557|
16|1|10|70||1558|
16|1|10|70||1559|
16|1|10|70||1560|
16|1|10|70||1561|
16|1|10|70||1562|
16|1|10|70||1563|
16|1|10|70||1564|
16|1|10|70||1565|
16|1|10|70||1566|
16|1|10|70||1567|
16|1|10|70||1568|
16|1|10|70||1569|
16|1|10|70||1570|
16|1|10|70||1571|
16|1|10|70||1572|
16|1|10|70||1573|
16|1|10|70||1574|
16|1|10|70||1575|
16|1|10|70||1576|
16|1|10|70||1577|
16|1|10|70||1578|
16|1|10|70||1579|
16|1|10|70||1580|
16|1|10|70||1581|
16|1|10|70||1582|
16|1|10|70||1583|
16|1|10|70||1584|
16|1|10|70||1585|
16|1|10|70||1586|
16|1|10|70||1587|
16|1|10|70||1588|
16|1|10|70||1589|
16|1|4|71||1590|
16|1|4|71||1591|
16|1|4|71||1592|
16|1|4|71||1593|
16|1|4|71||1594|
16|1|4|71||1595|
16|1|4|71||1596|
16|1|4|71||1597|
16|1|4|71||1598|
16|1|4|71||1599|
16|1|4|71||1600|
16|1|10|87||1939|
16|1|10|87||1940|
16|1|10|87||1941|
16|1|10|87||1942|
16|1|10|87||1943|
16|1|10|87||1944|
16|1|10|87||1945|
16|1|10|87||1946|
16|1|10|87||1947|
16|1|10|87||1948|
16|1|10|87||1949|
16|1|8|95||2040|
16|1|8|95||2041|
16|1|8|95||2042|
16|1|8|95||2043|
16|1|8|95||2044|
16|1|8|95||2045|
16|1|8|95||2046|
16|1|8|95||2047|
16|1|8|95||2048|
16|1|8|95||2049|
16|1|8|95||2050|
16|1|8|95||2051|
16|1|10|106||2357|
16|1|10|106||2358|
16|1|10|106||2359|
16|1|10|106||2360|
16|1|10|106||2361|
16|1|10|106||2362|
16|1|10|106||2363|
16|1|10|106||2364|
16|1|10|106||2365|
16|1|10|106||2366|
16|1|10|106||2367|
16|1|10|106||2368|
16|1|10|106||2369|
16|1|10|107||2370|
16|1|10|107||2371|
16|1|10|107||2372|
16|1|10|107||2373|
16|1|10|107||2374|
16|1|10|107||2375|
16|1|10|107||2376|
16|1|10|107||2377|
16|1|10|107||2378|
16|1|10|107||2379|
16|1|10|107||2380|
16|1|10|107||2381|
16|1|10|107||2382|
16|1|10|107||2383|
16|1|10|107||2384|
16|1|10|107||2385|
16|1|10|107||2386|
16|1|10|107||2387|
16|1|10|107||2388|
16|1|8|110||2531|
16|1|8|110||2532|
16|1|8|110||2533|
16|1|8|110||2534|
16|1|8|110||2535|
16|1|8|110||2536|
16|1|8|110||2537|
16|2|8|3||26|
16|2|8|3||27|
16|2|8|3||28|
16|2|8|3||29|
16|2|8|3||30|
16|2|8|3||31|
16|2|8|3||32|
16|2|8|3||33|
16|2|8|3||34|
16|2|8|3||35|
16|2|8|3||36|
16|2|8|3||37|
16|2|8|4||38|
16|2|8|4||39|
16|2|8|4||40|
16|2|8|4||41|
16|2|8|4||42|
16|2|8|4||43|
16|2|8|4||44|
16|2|8|4||45|
16|2|8|4||46|
16|2|8|4||47|
16|2|8|4||48|
16|2|8|4||49|
16|2|8|4||50|
16|2|8|4||51|
16|2|8|18||299|
16|2|8|18||300|
16|2|8|18||301|
16|2|8|18||302|
16|2|8|18||303|
16|2|8|18||304|
16|2|8|20||324|
16|2|8|20||325|
16|2|8|20||326|
16|2|8|20||327|
16|2|8|20||328|
16|2|8|20||329|
16|2|8|20||330|
16|2|8|20||331|
16|2|8|20||332|
16|2|8|20||333|
16|2|8|20||334|
16|2|8|20||335|
16|2|8|20||336|
16|2|8|20||337|
16|2|8|20||338|
16|2|8|20||339|
16|2|8|27||405|
16|2|8|27||406|
16|2|8|27||407|
16|2|8|27||408|
16|2|8|27||409|
16|2|8|27||410|
16|2|8|36||580|
16|2|8|36||581|
16|2|8|36||582|
16|2|8|36||583|
16|2|8|36||584|
16|2|8|36||585|
16|2|8|36||586|
16|2|8|36||587|
16|2|8|36||588|
16|2|8|36||589|
16|2|8|46||756|
16|2|8|46||757|
16|2|8|46||758|
16|2|8|46||759|
16|2|8|46||760|
16|2|8|46||761|
16|2|8|46||762|
16|2|8|46||763|
16|2|8|46||764|
16|2|8|46||765|
16|2|8|46||766|
16|2|8|46||767|
16|2|8|46||768|
16|2|8|46||769|
16|2|8|46||770|
16|2|8|46||771|
16|2|8|46||772|
16|2|8|46||773|
16|2|11|54||2677|
16|2|8|55||1288|
16|2|8|55||1289|
16|2|8|55||1290|
16|2|8|55||1291|
16|2|8|55||1292|
16|2|8|55||1293|
16|2|8|55||1294|
16|2|8|55||1295|
16|2|8|55||1296|
16|2|8|64||1407|
16|2|8|64||1408|
16|2|8|64||1409|
16|2|8|64||1410|
16|2|8|64||1411|
16|2|8|64||1412|
16|2|8|64||1413|
16|2|8|64||1414|
16|2|8|64||1415|
16|2|8|64||1416|
16|2|8|64||1417|
16|2|8|64||1418|
16|2|8|64||1419|
16|2|8|64||1420|
16|2|8|64||1421|
16|2|8|64||1422|
16|2|8|64||1423|
16|2|8|64||1424|
16|2|8|64||1425|
16|2|8|72||1601|
16|2|8|72||1602|
16|2|8|72||1603|
16|2|8|72||1604|
16|2|8|72||1605|
16|2|8|72||1606|
16|2|8|72||1607|
16|2|8|72||1608|
16|2|8|72||1609|
16|2|8|72||1610|
16|2|8|72||1611|
16|2|8|72||1612|
16|2|8|72||1613|
16|2|8|72||1614|
16|2|8|72||1615|
16|2|8|72||1616|
16|2|8|72||1617|
16|2|8|72||1618|
16|2|8|72||1619|
16|2|8|72||1620|
16|2|8|72||1621|
16|2|8|72||1622|
16|2|8|72||1623|
16|2|8|72||1624|
16|2|8|72||1625|
16|2|8|72||1626|
16|2|8|72||1627|
16|2|8|72||1628|
16|2|8|72||1629|
16|2|8|72||1630|
16|2|8|72||1631|
16|2|8|72||1632|
16|2|8|72||1633|
16|2|8|72||1634|
16|2|8|72||1635|
16|2|8|72||1636|
16|2|8|72||1637|
16|2|8|72||1638|
16|2|8|72||1639|
16|2|8|72||1640|
16|2|8|72||1641|
16|2|8|72||1642|
16|2|8|72||1643|
16|2|8|72||1644|
16|2|8|72||1645|
16|2|8|72||1646|
16|2|8|79||1788|
16|2|8|79||1789|
16|2|8|79||1790|
16|2|8|79||1791|
16|2|8|79||1792|
16|2|8|79||1793|
16|2|8|79||1794|
16|2|8|79||1795|
16|2|8|79||1796|
16|2|8|79||1797|
16|2|8|79||1798|
16|2|8|89||1959|
16|2|8|89||1960|
16|2|8|89||1961|
16|2|8|89||1962|
16|2|8|89||1963|
16|2|8|89||1964|
16|2|8|89||1965|
16|2|8|89||1966|
16|2|8|89||1967|
16|2|8|89||1968|
16|2|8|89||1969|
16|2|8|89||1970|
16|2|8|89||1971|
16|2|8|89||1972|
16|2|8|89||1973|
16|2|8|89||1974|
16|2|8|89||1975|
16|2|8|89||1976|
16|2|8|89||1977|
16|2|8|89||1978|
16|3|5|5||52|
16|3|5|5||53|
16|3|5|5||54|
16|3|5|5||55|
16|3|5|5||56|
16|3|5|5||57|
16|3|5|7||132|
16|3|5|7||133|
16|3|5|7||134|
16|3|5|7||135|
16|3|6|17||286|
16|3|6|17||287|
16|3|6|17||288|
16|3|6|17||289|
16|3|6|17||290|
16|3|6|17||291|
16|3|6|17||292|
16|3|6|17||293|
16|3|6|17||294|
16|3|6|17||295|
16|3|6|17||296|
16|3|6|17||297|
16|3|6|17||298|
16|3|6|31||446|
16|3|6|31||447|
16|3|6|31||448|
16|3|6|31||449|
16|3|6|31||450|
16|3|6|31||451|
16|3|6|31||452|
16|3|6|31||453|
16|3|6|31||454|
16|3|6|31||455|
16|3|6|31||456|
16|3|5|47||774|
16|3|5|47||775|
16|3|5|47||776|
16|3|5|47||777|
16|3|5|47||778|
16|3|5|47||779|
16|3|5|47||780|
16|3|5|47||781|
16|3|5|47||782|
16|3|5|47||783|
16|3|5|47||784|
16|3|5|47||785|
16|3|5|48||786|
16|3|5|48||787|
16|3|5|48||788|
16|3|5|48||789|
16|3|5|48||790|
16|3|5|48||791|
16|3|5|48||792|
16|3|5|48||793|
16|3|5|48||794|
16|3|5|48||795|
16|3|5|48||796|
16|3|5|48||797|
16|3|5|48||798|
16|3|5|48||799|
16|3|5|48||800|
16|3|5|48||801|
16|3|5|62||1378|
16|3|5|62||1379|
16|3|5|62||1380|
16|3|5|62||1381|
16|3|5|62||1382|
16|3|5|62||1383|
16|3|5|62||1384|
16|3|5|62||1385|
16|3|5|62||1386|
16|3|5|62||1387|
16|3|5|62||1388|
16|3|6|81||1821|
16|3|6|81||1822|
16|3|6|81||1823|
16|3|6|81||1824|
16|3|6|81||1825|
16|3|6|81||1826|
16|3|6|81||1827|
16|3|6|81||1828|
16|3|6|81||1829|
16|3|6|81||1830|
16|3|6|81||1831|
16|3|5|82||1832|
16|3|5|82||1833|
16|3|5|82||1834|
16|3|5|82||1835|
16|3|5|82||1836|
16|3|5|82||1837|
16|3|5|82||1838|
16|3|5|82||1839|
16|3|5|82||1840|
16|3|5|82||1841|
16|3|5|82||1842|
16|3|5|82||1843|
16|3|6|94||2025|
16|3|6|94||2026|
16|3|6|94||2027|
16|3|6|94||2028|
16|3|6|94||2029|
16|3|6|94||2030|
16|3|6|94||2031|
16|3|6|94||2032|
16|3|6|94||2033|
16|3|6|94||2034|
16|3|6|94||2035|
16|3|6|94||2036|
16|3|6|94||2037|
16|3|6|94||2038|
16|3|6|94||2039|
16|3|5|99||2113|
16|3|5|99||2114|
16|3|5|99||2115|
16|3|5|99||2116|
16|3|5|99||2117|
16|3|5|99||2118|
16|3|5|99||2119|
16|3|5|99||2120|
16|3|5|99||2121|
16|3|5|99||2122|
16|3|5|99||2123|
16|3|5|99||2124|
16|3|5|99||2125|
16|3|5|99||2126|
16|3|5|99||2127|
16|3|5|99||2128|
16|3|5|99||2129|
16|3|5|100||2130|
16|3|5|100||2131|
16|3|5|100||2132|
16|3|5|100||2133|
16|3|5|100||2134|
16|3|5|100||2135|
16|3|5|100||2136|
16|3|5|100||2137|
16|3|5|100||2138|
16|3|5|100||2139|
16|3|5|100||2140|
16|3|5|100||2141|
16|3|5|100||2142|
16|3|5|100||2143|
16|3|5|100||2144|
16|3|5|100||2145|
16|3|5|100||2146|
16|3|5|100||2147|
16|3|5|100||2148|
16|3|5|100||2149|
16|3|5|100||2150|
16|3|5|113||2578|
16|3|5|113||2579|
16|3|5|113||2580|
16|3|5|113||2581|
16|3|5|113||2582|
16|3|5|113||2583|
16|3|5|113||2584|
16|3|5|113||2585|
16|3|5|113||2586|
16|3|5|113||2587|
16|3|5|113||2588|
16|3|5|113||2589|
16|3|5|113||2590|
16|3|5|113||2591|
16|3|5|113||2592|
16|3|5|113||2593|
16|3|5|113||2594|
16|3|5|113||2595|
16|3|5|113||2596|
16|3|5|113||2597|
16|3|5|113||2598|
16|3|5|113||2599|
16|3|5|113||2600|
16|3|5|113||2601|
16|3|5|113||2602|
16|3|5|113||2603|
16|3|5|113||2604|
16|3|5|113||2605|
16|3|5|113||2606|
16|3|5|113||2607|
16|3|5|113||2608|
16|3|5|113||2609|
16|3|5|113||2610|
16|3|5|113||2611|
16|3|5|113||2612|
16|3|5|113||2613|
16|3|5|113||2614|
16|3|5|113||2615|
16|3|5|113||2616|
16|3|5|113||2617|
16|3|5|113||2618|
16|3|5|113||2619|
16|3|5|113||2620|
16|3|5|113||2621|
16|3|5|113||2622|
16|3|5|113||2623|
16|3|5|113||2624|
16|3|5|113||2625|
16|3|5|113||2626|
16|3|5|113||2627|
16|3|5|113||2628|
16|3|5|113||2629|
16|3|5|113||2630|
16|3|5|113||2631|
16|3|5|113||2632|
16|3|5|113||2633|
16|3|5|113||2634|
16|3|5|113||2635|
16|3|5|113||2636|
16|3|5|113||2637|
16|3|5|113||2638|
16|3|5|113||2639|
16|3|5|113||2640|
16|3|5|113||2641|
16|3|5|113||2642|
16|3|5|113||2643|
16|3|5|113||2644|
16|3|5|113||2645|
16|3|5|113||2646|
16|3|5|113||2647|
16|3|5|113||2648|
16|3|5|113||2649|
16|3|5|113||2650|
16|3|5|113||2651|
16|3|5|113||2652|
16|3|5|113||2653|
16|3|5|113||2654|
16|3|5|113||2655|
16|3|5|113||2656|
16|3|5|113||2657|
16|3|5|113||2658|
16|3|5|113||2659|
16|4|9|19||305|
16|4|9|19||306|
16|4|9|19||307|
16|4|9|19||308|
16|4|9|19||309|
16|4|9|19||310|
16|4|9|19||311|
16|4|9|19||312|
16|4|9|19||313|
16|4|9|19||314|
16|4|9|19||315|
16|4|9|19||316|
16|4|9|19||317|
16|4|9|19||318|
16|4|9|19||319|
16|4|9|19||320|
16|4|9|19||321|
16|4|9|19||322|
16|4|9|19||323|
16|4|9|45||726|
16|4|9|45||727|
16|4|9|45||728|
16|4|9|45||729|
16|4|9|45||730|
16|4|9|45||731|
16|4|9|45||732|
16|4|9|45||733|
16|4|9|45||734|
16|4|9|45||735|
16|4|9|45||736|
16|4|9|45||737|
16|4|9|45||738|
16|4|9|45||739|
16|4|9|45||740|
16|4|9|45||741|
16|4|9|45||742|
16|4|9|45||743|
16|4|9|45||744|
16|4|9|45||745|
16|4|9|45||746|
16|4|9|45||747|
16|4|9|45||748|
16|4|9|45||749|
16|4|9|45||750|
16|4|9|45||751|
16|4|9|45||752|
16|4|9|45||753|
16|4|9|45||754|
16|4|9|45||755|
16|4|9|53||929|
16|4|9|53||930|
16|4|9|53||931|
16|4|9|53||932|
16|4|9|53||933|
16|4|9|53||934|
16|4|9|53||935|
16|4|9|53||936|
16|4|9|53||937|
16|4|9|53||938|
16|4|9|53||939|
16|4|9|53||940|
16|4|9|63||1389|
16|4|9|63||1390|
16|4|9|63||1391|
16|4|9|63||1392|
16|4|9|63||1393|
16|4|9|63||1394|
16|4|9|63||1395|
16|4|9|63||1396|
16|4|9|63||1397|
16|4|9|63||1398|
16|4|9|63||1399|
16|4|9|63||1400|
16|4|9|63||1401|
16|4|9|63||1402|
16|4|9|63||1403|
16|4|9|63||1404|
16|4|9|63||1405|
16|4|9|63||1406|
16|4|2|69||1517|
16|4|2|69||1518|
16|4|2|69||1519|
16|4|2|69||1520|
16|4|2|69||1521|
16|4|2|69||1522|
16|4|2|69||1523|
16|4|2|69||1524|
16|4|2|69||1525|
16|4|2|69||1526|
16|4|2|69||1527|
16|4|2|69||1528|
16|4|9|75||1675|
16|4|9|75||1676|
16|4|9|75||1677|
16|4|9|75||1678|
16|4|9|75||1679|
16|4|9|75||1680|
16|4|9|75||1681|
16|4|9|75||1682|
16|4|9|75||1683|
16|4|4|76||1684|
16|4|4|76||1685|
16|4|4|76||1686|
16|4|4|76||1687|
16|4|4|76||1688|
16|4|4|76||1689|
16|4|4|76||1690|
16|4|4|76||1691|
16|4|4|76||1692|
16|4|4|76||1693|
16|4|4|76||1694|
16|4|4|76||1695|
16|4|4|76||1696|
16|4|4|76||1697|
16|4|4|76||1698|
16|4|4|76||1699|
16|4|4|76||1700|
16|4|4|76||1701|
16|4|4|76||1702|
16|4|4|76||1703|
16|4|4|76||1704|
16|4|4|76||1705|
16|4|4|76||1706|
16|4|4|76||1707|
16|4|4|76||1708|
16|4|4|76||1709|
16|4|4|76||1710|
16|4|4|76||1711|
16|4|4|76||1712|
16|4|4|76||1713|
16|4|4|76||1714|
16|4|4|76||1715|
16|4|4|76||1716|
16|4|4|76||1717|
16|4|4|76||1718|
16|4|9|77||1719|
16|4|9|77||1720|
16|4|9|77||1721|
16|4|9|77||1722|
16|4|9|77||1723|
16|4|9|77||1724|
16|4|9|77||1725|
16|4|9|77||1726|
16|4|9|77||1727|
16|4|9|77||1728|
16|4|9|77||1729|
16|4|9|77||1730|
16|4|9|77||1731|
16|4|9|77||1732|
16|4|9|77||1733|
16|4|9|77||1734|
16|4|9|77||1735|
16|4|9|77||1736|
16|4|9|77||1737|
16|4|9|77||1738|
16|4|9|77||1739|
16|4|9|77||1740|
16|4|9|77||1741|
16|4|9|77||1742|
16|4|9|77||1743|
16|4|9|77||1744|
16|4|9|77||1745|
16|4|9|77||1746|
16|4|9|77||1747|
16|4|9|77||1748|
16|4|9|77||1749|
16|4|9|77||1750|
16|4|9|77||1751|
16|4|9|77||1752|
16|4|9|77||1753|
16|4|9|77||1754|
16|4|9|77||1755|
16|4|9|77||1756|
16|4|9|77||1757|
16|4|9|77||1758|
16|4|9|77||1759|
16|4|9|77||1760|
16|4|9|77||1761|
16|4|9|77||1762|
16|4|9|77||1763|
16|4|9|77||1764|
16|4|9|77||1765|
16|4|9|77||1766|
16|4|9|77||1767|
16|4|9|92||2002|
16|4|9|92||2003|
16|4|9|92||2004|
16|4|9|92||2005|
16|4|9|92||2006|
16|4|9|92||2007|
16|4|9|92||2008|
16|4|9|92||2009|
16|4|9|92||2010|
16|4|9|92||2011|
16|4|9|92||2012|
16|4|9|96||2052|
16|4|9|96||2053|
16|4|9|96||2054|
16|4|9|96||2055|
16|4|9|96||2056|
16|4|9|96||2057|
16|4|9|96||2058|
16|4|9|96||2059|
16|4|9|96||2060|
16|4|9|96||2061|
16|4|9|96||2062|
16|4|9|96||2063|
16|4|9|96||2064|
16|4|9|104||2317|
16|4|9|104||2318|
16|4|9|104||2319|
16|4|9|104||2320|
16|4|9|104||2321|
16|4|9|104||2322|
16|4|9|104||2323|
16|4|9|104||2324|
16|4|9|104||2325|
16|4|9|104||2326|
16|4|9|104||2327|
16|4|9|104||2328|
16|4|9|104||2329|
16|4|9|104||2330|
16|4|9|104||2331|
16|4|9|104||2332|
16|4|9|104||2333|
16|4|9|104||2334|
16|4|9|104||2335|
16|4|9|104||2336|
16|4|9|104||2337|
16|4|9|104||2338|
16|4|9|105||2339|
16|4|9|105||2340|
16|4|9|105||2341|
16|4|9|105||2342|
16|4|9|105||2343|
16|4|9|105||2344|
16|4|9|105||2345|
16|4|9|105||2346|
16|4|9|105||2347|
16|4|9|105||2348|
16|4|9|105||2349|
16|4|9|105||2350|
16|4|9|105||2351|
16|4|9|105||2352|
16|4|9|105||2353|
16|4|9|105||2354|
16|4|9|105||2355|
16|4|9|105||2356|
16|5|9|23||361|
16|5|9|23||362|
16|5|9|23||363|
16|5|9|23||364|
16|5|9|23||365|
16|5|9|23||366|
16|5|9|23||367|
16|5|9|23||368|
16|5|9|23||369|
16|5|9|23||370|
16|5|9|23||371|
16|5|4|25||380|
16|5|4|25||381|
16|5|4|25||382|
16|5|4|25||383|
16|5|4|25||384|
16|5|4|25||385|
16|5|4|25||386|
16|5|4|25||387|
16|5|4|25||388|
16|5|4|25||389|
16|5|4|25||390|
16|5|4|25||391|
16|5|4|25||392|
16|5|4|25||393|
16|5|4|25||394|
16|5|4|25||395|
16|5|4|25||396|
16|5|10|42||673|
16|5|10|42||674|
16|5|10|42||675|
16|5|10|42||676|
16|5|10|42||677|
16|5|10|42||678|
16|5|10|42||679|
16|5|10|42||680|
16|5|10|42||681|
16|5|10|42||682|
16|5|10|42||683|
16|5|10|42||684|
16|5|9|43||685|
16|5|9|43||686|
16|5|9|43||687|
16|5|9|43||688|
16|5|9|43||689|
16|5|9|43||690|
16|5|9|43||691|
16|5|9|43||692|
16|5|9|43||693|
16|5|9|43||694|
16|5|9|43||695|
16|5|9|43||696|
16|5|9|43||697|
16|5|9|43||698|
16|5|9|43||699|
16|5|9|43||700|
16|5|9|43||701|
16|5|9|43||702|
16|5|9|43||703|
16|5|9|43||704|
16|5|9|43||705|
16|5|9|43||706|
16|5|9|43||707|
16|5|9|43||708|
16|5|9|43||709|
16|5|9|43||710|
16|5|9|43||711|
16|5|9|85||1898|
16|5|9|85||1899|
16|5|9|85||1900|
16|5|9|85||1901|
16|5|9|85||1902|
16|5|9|85||1903|
16|5|9|85||1904|
16|5|9|85||1905|
16|5|9|85||1906|
16|5|9|85||1907|
16|5|9|85||1908|
16|5|9|85||1909|
16|5|9|85||1910|
16|5|9|85||1911|
16|5|4|86||1912|
16|5|4|86||1913|
16|5|4|86||1914|
16|5|4|86||1915|
16|5|4|86||1916|
16|5|4|86||1917|
16|5|4|86||1918|
16|5|4|86||1919|
16|5|4|86||1920|
16|5|4|86||1921|
16|5|4|86||1922|
16|5|4|86||1923|
16|5|4|86||1924|
16|5|4|86||1925|
16|5|4|86||1926|
16|5|4|86||1927|
16|5|4|86||1928|
16|5|4|86||1929|
16|5|4|86||1930|
16|5|4|86||1931|
16|5|4|86||1932|
16|5|4|86||1933|
16|5|4|86||1934|
16|5|4|86||1935|
16|5|4|86||1936|
16|5|4|86||1937|
16|5|4|86||1938|
16|5|10|109||2436|
16|5|10|109||2437|
16|5|10|109||2438|
16|5|10|109||2439|
16|5|10|109||2440|
16|5|10|109||2441|
16|5|10|109||2442|
16|5|10|109||2443|
16|5|10|109||2444|
16|5|10|109||2445|
16|5|10|109||2446|
16|5|10|109||2447|
16|5|10|109||2448|
16|5|10|109||2449|
16|5|10|109||2450|
16|5|10|109||2451|
16|5|10|109||2452|
16|5|10|109||2453|
16|5|10|109||2454|
16|5|10|109||2455|
16|5|10|109||2456|
16|5|10|109||2457|
16|5|10|109||2458|
16|5|10|109||2459|
16|5|10|109||2460|
16|5|10|109||2461|
16|5|10|109||2462|
16|5|10|109||2463|
16|5|10|109||2464|
16|5|10|109||2465|
16|5|10|109||2466|
16|5|10|109||2467|
16|5|10|109||2468|
16|5|10|109||2469|
16|5|10|109||2470|
16|5|10|109||2471|
16|5|10|109||2472|
16|5|10|109||2473|
16|5|10|109||2474|
16|5|10|109||2475|
16|5|10|109||2476|
16|5|10|109||2477|
16|5|10|109||2478|
16|5|10|109||2479|
16|5|10|109||2480|
16|5|10|109||2481|
16|5|10|109||2482|
16|5|10|109||2483|
16|5|10|109||2484|
16|5|10|109||2485|
16|5|10|109||2486|
16|5|10|109||2487|
16|5|10|109||2488|
16|5|10|109||2489|
16|5|10|109||2490|
16|5|10|109||2491|
16|5|10|109||2492|
16|5|10|109||2493|
16|5|10|109||2494|
16|5|10|109||2495|
16|5|10|109||2496|
16|5|10|109||2497|
16|5|10|109||2498|
16|5|10|109||2499|
16|5|10|109||2500|
16|5|10|109||2501|
16|5|10|109||2502|
16|5|10|109||2503|
16|5|10|109||2504|
16|5|10|109||2505|
16|5|10|109||2506|
16|5|10|109||2507|
16|5|10|109||2508|
16|5|10|109||2509|
16|5|10|109||2510|
16|5|10|109||2511|
16|5|10|109||2512|
16|5|10|109||2513|
16|5|10|109||2514|
16|5|10|109||2515|
16|5|10|109||2516|
16|5|10|109||2517|
16|5|10|109||2518|
16|5|10|109||2519|
16|5|10|109||2520|
16|5|10|109||2521|
16|5|10|109||2522|
16|5|10|109||2523|
16|5|10|109||2524|
16|5|10|109||2525|
16|5|10|109||2526|
16|5|10|109||2527|
16|5|10|109||2528|
16|5|10|109||2529|
16|5|10|109||2530|
16|5|10|109||2676|
16|6|5|22||346|
16|6|5|22||347|
16|6|5|22||348|
16|6|5|22||349|
16|6|5|22||350|
16|6|5|22||351|
16|6|5|22||352|
16|6|5|22||353|
16|6|5|22||354|
16|6|5|22||355|
16|6|5|22||356|
16|6|5|22||357|
16|6|5|22||358|
16|6|5|22||359|
16|6|5|22||360|
16|6|6|34||480|
16|6|6|34||481|
16|6|6|34||482|
16|6|6|34||483|
16|6|6|34||484|
16|6|6|34||485|
16|6|6|34||486|
16|6|6|34||487|
16|6|6|34||488|
16|6|6|34||489|
16|6|6|34||490|
16|6|6|34||491|
16|6|6|34||492|
16|6|6|34||493|
16|6|6|34||494|
16|6|6|34||495|
16|6|6|34||496|
16|6|6|34||497|
16|6|6|34||498|
16|6|6|34||499|
16|6|6|34||500|
16|6|6|34||501|
16|6|6|34||502|
16|6|6|34||503|
16|6|6|34||504|
16|6|6|34||505|
16|6|6|34||506|
16|6|6|34||507|
16|6|6|34||508|
16|6|6|34||509|
16|6|6|34||510|
16|6|6|34||511|
16|6|6|34||512|
16|6|6|34||513|
16|6|6|34||514|
16|6|6|34||515|
16|6|6|34||516|
16|6|6|34||517|
16|6|6|34||518|
16|6|6|34||519|
16|6|6|34||520|
16|6|6|34||521|
16|6|6|34||522|
16|6|6|34||523|
16|6|6|34||524|
16|6|6|34||525|
16|6|6|34||526|
16|6|6|34||527|
16|6|6|34||528|
16|6|6|34||529|
16|6|6|34||530|
16|6|6|34||531|
16|6|6|34||532|
16|6|6|34||533|
16|6|6|34||534|
16|6|6|34||535|
16|6|6|34||536|
16|6|6|34||537|
16|6|6|34||538|
16|6|6|34||539|
16|6|6|34||540|
16|6|6|34||541|
16|6|6|34||542|
16|6|6|34||543|
16|6|6|34||544|
16|6|6|34||545|
16|6|6|34||546|
16|6|6|34||547|
16|6|6|34||548|
16|6|6|34||549|
16|6|6|34||550|
16|6|6|34||551|
16|6|6|34||552|
16|6|6|34||553|
16|6|6|34||554|
16|6|6|34||555|
16|6|6|34||556|
16|6|5|40||651|
16|6|5|40||652|
16|6|5|40||653|
16|6|5|40||654|
16|6|5|40||655|
16|6|5|40||656|
16|6|5|40||657|
16|6|5|40||658|
16|6|5|40||659|
16|6|5|40||660|
16|6|5|40||661|
16|6|5|40||662|
16|6|5|40||663|
16|6|5|40||664|
16|6|6|41||665|
16|6|6|41||666|
16|6|6|41||667|
16|6|6|41||668|
16|6|6|41||669|
16|6|6|41||670|
16|6|6|41||671|
16|6|6|41||672|
16|6|6|52||885|
16|6|6|52||886|
16|6|6|52||887|
16|6|6|52||888|
16|6|6|52||889|
16|6|6|52||890|
16|6|6|52||891|
16|6|6|52||892|
16|6|6|52||893|
16|6|6|52||894|
16|6|6|52||895|
16|6|6|52||896|
16|6|6|52||897|
16|6|6|52||898|
16|6|6|52||899|
16|6|6|52||900|
16|6|6|52||901|
16|6|6|52||902|
16|6|6|52||903|
16|6|6|52||904|
16|6|6|52||905|
16|6|6|52||906|
16|6|6|52||907|
16|6|6|52||908|
16|6|6|52||909|
16|6|6|52||910|
16|6|6|52||911|
16|6|6|52||912|
16|6|6|52||913|
16|6|6|52||914|
16|6|6|52||915|
16|6|6|52||916|
16|6|6|52||917|
16|6|6|52||918|
16|6|6|52||919|
16|6|6|52||920|
16|6|6|52||921|
16|6|6|52||922|
16|6|6|52||923|
16|6|6|52||924|
16|6|6|52||925|
16|6|6|52||926|
16|6|6|52||927|
16|6|6|52||928|
16|6|6|73||1647|
16|6|6|73||1648|
16|6|6|73||1649|
16|6|6|73||1650|
16|6|6|73||1651|
16|6|6|73||1652|
16|6|6|73||1653|
16|6|6|73||1654|
16|6|6|73||1655|
16|6|6|73||1656|
16|6|6|73||1657|
16|6|6|73||1658|
16|6|6|73||1659|
16|6|6|73||1660|
16|6|5|102||2160|
16|6|5|102||2161|
16|6|5|102||2162|
16|6|5|102||2163|
16|6|5|102||2164|
16|6|5|102||2165|
16|6|5|102||2166|
16|6|5|102||2167|
16|6|5|102||2168|
16|6|5|102||2169|
16|6|5|102||2170|
16|6|5|102||2171|
16|6|5|102||2172|
16|6|5|102||2173|
16|6|5|102||2174|
16|6|6|111||2538|
16|6|6|111||2539|
16|6|6|111||2540|
16|6|6|111||2541|
16|6|6|111||2542|
16|6|6|111||2543|
16|6|6|111||2544|
16|6|6|111||2545|
16|6|6|111||2546|
16|6|6|111||2547|
16|6|6|111||2548|
16|6|6|111||2549|
16|6|6|111||2550|
16|6|6|111||2551|
16|6|6|111||2552|
16|6|6|111||2553|
16|6|6|111||2554|
16|6|6|111||2555|
16|6|6|111||2556|
16|6|6|111||2557|
16|6|6|111||2558|
16|6|6|111||2559|
16|6|6|111||2560|
16|6|6|111||2561|
16|6|6|111||2562|
16|6|6|111||2563|
16|6|6|111||2564|
16|6|6|111||2565|
16|6|6|111||2566|
16|6|6|111||2567|
16|6|6|111||2568|
16|6|6|111||2569|
16|7|4|16||257|
16|7|4|16||258|
16|7|4|16||259|
16|7|4|16||260|
16|7|4|16||261|
16|7|4|16||262|
16|7|4|16||263|
16|7|4|16||264|
16|7|4|16||265|
16|7|4|16||266|
16|7|4|16||267|
16|7|4|16||268|
16|7|4|16||269|
16|7|4|16||270|
16|7|4|16||271|
16|7|4|16||272|
16|7|4|16||273|
16|7|4|16||274|
16|7|4|16||275|
16|7|4|16||276|
16|7|4|16||277|
16|7|4|16||278|
16|7|4|16||279|
16|7|4|16||280|
16|7|4|16||281|
16|7|4|16||282|
16|7|4|16||283|
16|7|4|16||284|
16|7|4|16||285|
16|7|4|24||372|
16|7|4|24||373|
16|7|4|24||374|
16|7|4|24||375|
16|7|4|24||376|
16|7|4|24||377|
16|7|4|24||378|
16|7|4|24||379|
16|7|4|32||457|
16|7|4|32||458|
16|7|4|32||459|
16|7|4|32||460|
16|7|4|32||461|
16|7|4|32||462|
16|7|4|32||463|
16|7|4|32||464|
16|7|4|32||465|
16|7|4|32||466|
16|7|8|37||590|
16|7|8|37||591|
16|7|8|37||592|
16|7|8|37||593|
16|7|8|37||594|
16|7|8|37||595|
16|7|8|37||596|
16|7|8|37||597|
16|7|8|37||598|
16|7|8|37||599|
16|7|8|37||600|
16|7|3|39||647|
16|7|3|39||648|
16|7|3|39||649|
16|7|3|39||650|
16|7|8|44||712|
16|7|8|44||713|
16|7|8|44||714|
16|7|8|44||715|
16|7|8|44||716|
16|7|8|44||717|
16|7|8|44||718|
16|7|8|44||719|
16|7|8|44||720|
16|7|8|44||721|
16|7|8|44||722|
16|7|8|44||723|
16|7|8|44||724|
16|7|8|44||725|
16|7|3|49||802|
16|7|3|49||803|
16|7|3|49||804|
16|7|3|49||805|
16|7|4|57||1321|
16|7|4|57||1322|
16|7|4|57||1323|
16|7|4|57||1324|
16|7|4|57||1325|
16|7|4|57||1326|
16|7|4|57||1327|
16|7|4|57||1328|
16|7|4|57||1329|
16|7|4|57||1330|
16|7|4|57||1331|
16|7|4|57||1332|
16|7|4|57||1333|
16|7|4|57||1334|
16|7|4|57||1335|
16|7|3|67||1456|
16|7|3|67||1457|
16|7|3|67||1458|
16|7|3|67||1459|
16|7|3|67||1460|
16|7|3|67||1461|
16|7|3|67||1462|
16|7|3|67||1463|
16|7|3|67||1464|
16|7|3|67||1465|
16|7|3|67||1466|
16|7|3|67||1467|
16|7|3|67||1468|
16|7|3|67||1469|
16|7|3|67||1470|
16|7|3|67||1471|
16|7|3|67||1472|
16|7|3|67||1473|
16|7|3|67||1474|
16|7|3|67||1475|
16|7|3|67||1476|
16|7|3|67||1477|
16|7|3|67||1478|
16|7|3|67||1479|
16|7|3|67||1480|
16|7|3|67||1481|
16|7|3|67||1482|
16|7|3|67||1483|
16|7|3|67||1484|
16|7|3|67||1485|
16|7|3|67||1486|
16|7|3|67||1487|
16|7|3|67||1488|
16|7|3|67||1489|
16|7|3|67||1490|
16|7|3|67||1491|
16|7|3|67||1492|
16|7|3|67||1493|
16|7|3|67||1494|
16|7|3|67||1495|
16|7|3|67||1496|
16|7|3|67||1497|
16|7|4|74||1661|
16|7|4|74||1662|
16|7|4|74||1663|
16|7|4|74||1664|
16|7|4|74||1665|
16|7|4|74||1666|
16|7|4|74||1667|
16|7|4|74||1668|
16|7|4|74||1669|
16|7|4|74||1670|
16|7|4|74||1671|
16|7|4|74||1672|
16|7|4|74||1673|
16|7|4|74||1674|
16|7|3|101||2151|
16|7|3|101||2152|
16|7|3|101||2153|
16|7|3|101||2154|
16|7|3|101||2155|
16|7|3|101||2156|
16|7|3|101||2157|
16|7|3|101||2158|
16|7|3|101||2159|
16|7|4|108||2389|
16|7|4|108||2390|
16|7|4|108||2391|
16|7|4|108||2392|
16|7|4|108||2393|
16|7|4|108||2394|
16|7|4|108||2395|
16|7|4|108||2396|
16|7|4|108||2397|
16|7|4|108||2398|
16|7|4|108||2399|
16|7|4|108||2400|
16|7|4|108||2401|
16|7|4|108||2402|
16|7|4|108||2403|
16|7|4|108||2404|
16|7|4|108||2405|
16|7|4|108||2406|
16|7|4|108||2407|
16|7|4|108||2408|
16|7|4|108||2409|
16|7|4|108||2410|
16|7|4|108||2411|
16|7|4|108||2412|
16|7|4|108||2413|
16|7|4|108||2414|
16|7|4|108||2415|
16|7|4|108||2416|
16|7|4|108||2417|
16|7|4|108||2418|
16|7|4|108||2419|
16|7|4|108||2420|
16|7|4|108||2421|
16|7|4|108||2422|
16|7|4|108||2423|
16|7|4|108||2424|
16|7|4|108||2425|
16|7|4|108||2426|
16|7|4|108||2427|
16|7|4|108||2428|
16|7|4|108||2429|
16|7|4|108||2430|
16|7|4|108||2431|
16|7|4|108||2432|
16|7|4|108||2433|
16|7|4|108||2434|
16|7|4|108||2435|
16|8|11|54||941|
16|8|11|54||942|
16|8|11|54||943|
16|8|11|54||944|
16|8|11|54||945|
16|8|11|54||946|
16|8|11|54||947|
16|8|11|54||948|
16|8|11|54||949|
16|8|11|54||950|
16|8|11|54||951|
16|8|11|54||952|
16|8|11|54||953|
16|8|11|54||954|
16|8|11|54||955|
16|8|11|54||956|
16|8|11|54||957|
16|8|11|54||958|
16|8|11|54||959|
16|8|11|54||960|
16|8|11|54||961|
16|8|11|54||962|
16|8|11|54||963|
16|8|11|54||964|
16|8|12|54||965|
16|8|12|54||966|
16|8|12|54||967|
16|8|12|54||968|
16|8|12|54||969|
16|8|12|54||970|
16|8|12|54||971|
16|8|12|54||972|
16|8|12|54||973|
16|8|12|54||974|
16|8|12|54||975|
16|8|12|54||976|
16|8|12|54||977|
16|8|12|54||978|
16|8|12|54||979|
16|8|12|54||980|
16|8|12|54||981|
16|8|12|54||982|
16|8|12|54||983|
16|8|12|54||984|
16|8|12|54||985|
16|8|12|54||986|
16|8|12|54||987|
16|8|12|54||988|
16|8|12|54||989|
16|8|12|54||990|
16|8|12|54||991|
16|8|12|54||992|
16|8|12|54||993|
16|8|12|54||994|
16|8|12|54||995|
16|8|12|54||996|
16|8|12|54||997|
16|8|11|54||998|
16|8|11|54||999|
16|8|11|54||1000|
16|8|11|54||1001|
16|8|11|54||1002|
16|8|11|54||1003|
16|8|11|54||1004|
16|8|11|54||1005|
16|8|11|54||1006|
16|8|11|54||1007|
16|8|11|54||1008|
16|8|11|54||1009|
16|8|11|54||1010|
16|8|11|54||1011|
16|8|11|54||1012|
16|8|11|54||1013|
16|8|11|54||1014|
16|8|11|54||1015|
16|8|11|54||1016|
16|8|11|54||1017|
16|8|11|54||1018|
16|8|11|54||1019|
16|8|11|54||1020|
16|8|12|54||1021|
16|8|12|54||1022|
16|8|12|54||1023|
16|8|12|54||1024|
16|8|12|54||1025|
16|8|12|54||1026|
16|8|12|54||1027|
16|8|12|54||1028|
16|8|12|54||1029|
16|8|12|54||1030|
16|8|12|54||1031|
16|8|12|54||1032|
16|8|12|54||1033|
16|8|12|54||1034|
16|8|12|54||1035|
16|8|12|54||1036|
16|8|12|54||1037|
16|8|12|54||1038|
16|8|12|54||1039|
16|8|12|54||1040|
16|8|12|54||1041|
16|8|12|54||1042|
16|8|12|54||1088|
16|8|12|54||1089|
16|8|12|54||1090|
16|8|12|54||1091|
16|8|12|54||1092|
16|8|12|54||1093|
16|8|12|54||1094|
16|8|12|54||1095|
16|8|12|54||1096|
16|8|12|54||1097|
16|8|12|54||1098|
16|8|12|54||1099|
16|8|12|54||1100|
16|8|12|54||1101|
16|8|12|54||1102|
16|8|12|54||1103|
16|8|12|54||1104|
16|8|12|54||1105|
16|8|12|54||1106|
16|8|11|54||1191|
16|8|11|54||1192|
16|8|11|54||1193|
16|8|12|54||1194|
16|8|12|54||1195|
16|8|12|54||1196|
16|8|11|54||1197|
16|8|11|54||1198|
16|8|11|54||1199|
16|8|11|54||1200|
16|8|11|54||1201|
16|8|11|54||1202|
16|8|11|54||1203|
16|8|11|54||1204|
16|8|12|54||1205|
16|8|12|54||1206|
16|8|12|54||1207|
16|8|12|54||1208|
16|8|12|54||1209|
16|8|12|54||1210|
16|8|11|54||1211|
16|8|11|54||1212|
16|8|11|54||1213|
16|8|11|54||1214|
16|8|11|54||1216|
16|8|11|54||1217|
16|8|12|54||1218|
16|8|12|54||1219|
16|8|12|54||1220|
16|8|12|54||1237|
16|8|12|54||1238|
16|8|11|54||1252|
16|8|11|54||1253|
16|8|11|54||1254|
16|8|11|54||1255|
16|8|11|54||1256|
16|8|11|54||1257|
16|8|11|54||1258|
16|8|11|54||1259|
16|8|11|54||1260|
16|8|11|54||1261|
16|8|12|54||1262|
16|8|11|54||1263|
16|8|11|54||1283|
16|8|12|54||1284|
16|8|12|54||1285|
16|8|12|54||2675|
16|9|4|21||340|
16|9|4|21||341|
16|9|4|21||342|
16|9|4|21||343|
16|9|4|21||344|
16|9|4|21||345|
16|9|7|59||1349|
16|9|7|59||1350|
16|9|7|59||1351|
16|9|7|59||1352|
16|9|7|59||1353|
16|9|7|59||1354|
16|9|7|59||1355|
16|9|7|59||1356|
16|9|7|59||1357|
16|9|7|59||1358|
16|9|7|59||1359|
16|9|4|66||1440|
16|9|4|66||1441|
16|9|4|66||1442|
16|9|4|66||1443|
16|9|4|66||1444|
16|9|4|66||1445|
16|9|4|66||1446|
16|9|4|66||1447|
16|9|4|66||1448|
16|9|4|66||1449|
16|9|4|66||1450|
16|9|4|66||1451|
16|9|4|66||1452|
16|9|4|66||1453|
16|9|4|66||1454|
16|9|4|66||1455|
16|9|7|88||1950|
16|9|7|88||1951|
16|9|7|88||1952|
16|9|7|88||1953|
16|9|7|88||1954|
16|9|7|88||1955|
16|9|7|88||1956|
16|9|7|88||1957|
16|9|7|88||1958|
16|9|7|91||1995|
16|9|7|91||1996|
16|9|7|91||1997|
16|9|7|91||1998|
16|9|7|91||1999|
16|9|7|91||2000|
16|9|7|91||2001|
16|9|7|103||2175|
16|9|7|103||2176|
16|9|7|103||2177|
16|9|7|103||2178|
16|9|7|103||2179|
16|9|7|103||2180|
16|9|7|103||2181|
16|9|7|103||2182|
16|9|7|103||2183|
16|9|7|103||2184|
16|9|7|103||2185|
16|9|7|103||2186|
16|9|7|103||2187|
16|9|7|103||2188|
16|9|7|103||2189|
16|9|7|103||2190|
16|9|7|103||2191|
16|9|7|103||2192|
16|9|7|103||2193|
16|9|7|103||2194|
16|9|7|103||2195|
16|9|7|103||2196|
16|9|7|103||2197|
16|9|7|103||2198|
16|9|7|103||2199|
16|9|7|103||2200|
16|9|7|103||2201|
16|9|7|103||2202|
16|9|7|103||2203|
16|9|7|103||2204|
16|9|7|103||2205|
16|9|7|103||2206|
16|9|7|103||2207|
16|9|7|103||2208|
16|9|7|103||2209|
16|9|7|103||2210|
16|9|7|103||2211|
16|9|7|103||2212|
16|9|7|103||2213|
16|9|7|103||2214|
16|9|7|103||2215|
16|9|7|103||2216|
16|9|7|103||2217|
16|9|7|103||2218|
16|9|7|103||2219|
16|9|7|103||2220|
16|9|7|103||2221|
16|9|7|103||2222|
16|9|7|103||2223|
16|9|7|103||2224|
16|9|7|103||2225|
16|9|7|103||2226|
16|9|7|103||2227|
16|9|7|103||2228|
16|9|7|103||2229|
16|9|7|103||2230|
16|9|7|103||2231|
16|9|7|103||2232|
16|9|7|103||2233|
16|9|7|103||2234|
16|9|7|103||2235|
16|9|7|103||2236|
16|9|7|103||2237|
16|9|7|103||2238|
16|9|7|103||2239|
16|9|7|103||2240|
16|9|7|103||2241|
16|9|7|103||2242|
16|9|7|103||2243|
16|9|7|103||2244|
16|9|7|103||2245|
16|9|7|103||2246|
16|9|7|103||2247|
16|9|7|103||2248|
16|9|7|103||2249|
16|9|7|103||2250|
16|9|7|103||2251|
16|9|7|103||2252|
16|9|7|103||2253|
16|9|7|103||2254|
16|9|7|103||2255|
16|9|7|103||2256|
16|9|7|103||2257|
16|9|7|103||2258|
16|9|7|103||2259|
16|9|7|103||2260|
16|9|7|103||2261|
16|9|7|103||2262|
16|9|7|103||2263|
16|9|7|103||2264|
16|9|7|103||2265|
16|9|7|103||2266|
16|9|7|103||2267|
16|9|7|103||2268|
16|9|7|103||2269|
16|9|7|103||2270|
16|9|7|103||2271|
16|9|7|103||2272|
16|9|7|103||2273|
16|9|7|103||2274|
16|9|7|103||2275|
16|9|7|103||2276|
16|9|7|103||2277|
16|9|7|103||2278|
16|9|7|103||2279|
16|9|7|103||2280|
16|9|7|103||2281|
16|9|7|103||2282|
16|9|7|103||2283|
16|9|7|103||2284|
16|9|7|103||2285|
16|9|7|103||2286|
16|9|7|103||2287|
16|9|7|103||2288|
16|9|7|103||2289|
16|9|7|103||2290|
16|9|7|103||2291|
16|9|7|103||2292|
16|9|7|103||2293|
16|9|7|103||2294|
16|9|7|103||2295|
16|9|7|103||2296|
16|9|7|103||2297|
16|9|7|103||2298|
16|9|7|103||2299|
16|9|7|103||2300|
16|9|7|103||2301|
16|9|7|103||2302|
16|9|7|103||2303|
16|9|7|103||2304|
16|9|7|103||2305|
16|9|7|103||2306|
16|9|7|103||2307|
16|9|7|103||2308|
16|9|7|103||2309|
16|9|7|103||2310|
16|9|7|103||2311|
16|9|7|103||2312|
16|9|7|103||2313|
16|9|7|103||2314|
16|9|7|103||2315|
16|9|7|103||2316|
16|9|7|112||2570|
16|9|7|112||2571|
16|9|7|112||2572|
16|9|7|112||2573|
16|9|7|112||2574|
16|9|7|112||2575|
16|9|7|112||2576|
16|9|7|112||2577|
16|10|12|54||1043|
16|10|12|54||1044|
16|10|12|54||1045|
16|10|12|54||1046|
16|10|12|54||1047|
16|10|12|54||1048|
16|10|12|54||1049|
16|10|12|54||1050|
16|10|11|54||1051|
16|10|11|54||1052|
16|10|11|54||1053|
16|10|11|54||1054|
16|10|11|54||1055|
16|10|11|54||1056|
16|10|11|54||1057|
16|10|11|54||1058|
16|10|11|54||1059|
16|10|11|54||1060|
16|10|11|54||1061|
16|10|11|54||1062|
16|10|11|54||1063|
16|10|12|54||1064|
16|10|12|54||1065|
16|10|12|54||1066|
16|10|12|54||1067|
16|10|12|54||1068|
16|10|12|54||1069|
16|10|12|54||1070|
16|10|12|54||1071|
16|10|12|54||1072|
16|10|12|54||1073|
16|10|12|54||1074|
16|10|12|54||1075|
16|10|12|54||1076|
16|10|12|54||1077|
16|10|12|54||1078|
16|10|12|54||1079|
16|10|12|54||1080|
16|10|12|54||1081|
16|10|12|54||1082|
16|10|12|54||1083|
16|10|12|54||1084|
16|10|12|54||1085|
16|10|12|54||1086|
16|10|12|54||1087|
16|10|12|54||1107|
16|10|12|54||1108|
16|10|12|54||1109|
16|10|12|54||1110|
16|10|12|54||1111|
16|10|12|54||1112|
16|10|12|54||1113|
16|10|12|54||1114|
16|10|12|54||1115|
16|10|12|54||1116|
16|10|12|54||1117|
16|10|12|54||1118|
16|10|12|54||1119|
16|10|12|54||1120|
16|10|12|54||1121|
16|10|12|54||1122|
16|10|12|54||1123|
16|10|12|54||1124|
16|10|12|54||1125|
16|10|12|54||1126|
16|10|12|54||1127|
16|10|12|54||1128|
16|10|12|54||1129|
16|10|12|54||1130|
16|10|12|54||1131|
16|10|12|54||1132|
16|10|12|54||1133|
16|10|12|54||1134|
16|10|12|54||1135|
16|10|12|54||1136|
16|10|11|54||1137|
16|10|11|54||1138|
16|10|11|54||1139|
16|10|11|54||1140|
16|10|11|54||1141|
16|10|11|54||1142|
16|10|11|54||1143|
16|10|11|54||1144|
16|10|11|54||1145|
16|10|11|54||1146|
16|10|11|54||1147|
16|10|11|54||1148|
16|10|11|54||1149|
16|10|11|54||1150|
16|10|11|54||1151|
16|10|11|54||1152|
16|10|11|54||1153|
16|10|11|54||1154|
16|10|11|54||1155|
16|10|11|54||1156|
16|10|11|54||1157|
16|10|11|54||1158|
16|10|11|54||1159|
16|10|11|54||1160|
16|10|11|54||1161|
16|10|11|54||1162|
16|10|11|54||1163|
16|10|11|54||1164|
16|10|11|54||1165|
16|10|11|54||1166|
16|10|11|54||1167|
16|10|11|54||1168|
16|10|11|54||1169|
16|10|12|54||1170|
16|10|12|54||1171|
16|10|12|54||1172|
16|10|12|54||1173|
16|10|12|54||1174|
16|10|12|54||1175|
16|10|12|54||1176|
16|10|12|54||1177|
16|10|12|54||1178|
16|10|12|54||1179|
16|10|12|54||1180|
16|10|12|54||1181|
16|10|12|54||1182|
16|10|12|54||1183|
16|10|12|54||1184|
16|10|12|54||1185|
16|10|12|54||1186|
16|10|12|54||1187|
16|10|12|54||1188|
16|10|12|54||1189|
16|10|12|54||1190|
16|10|11|54||1215|
16|10|11|54||1221|
16|10|11|54||1222|
16|10|12|54||1223|
16|10|12|54||1224|
16|10|12|54||1225|
16|10|12|54||1226|
16|10|12|54||1227|
16|10|12|54||1228|
16|10|12|54||1229|
16|10|12|54||1230|
16|10|12|54||1231|
16|10|12|54||1232|
16|10|12|54||1233|
16|10|12|54||1234|
16|10|12|54||1235|
16|10|12|54||1236|
16|10|11|54||1239|
16|10|11|54||1240|
16|10|11|54||1241|
16|10|11|54||1242|
16|10|11|54||1243|
16|10|11|54||1244|
16|10|11|54||1245|
16|10|12|54||1246|
16|10|11|54||1247|
16|10|11|54||1248|
16|10|11|54||1249|
16|10|11|54||1250|
16|10|11|54||1251|
16|10|11|54||1264|
16|10|11|54||1265|
16|10|11|54||1266|
16|10|11|54||1267|
16|10|11|54||1268|
16|10|12|54||1269|
16|10|12|54||1270|
16|10|11|54||1271|
16|10|11|54||1272|
16|10|12|54||1273|
16|10|12|54||1274|
16|10|12|54||1275|
16|10|12|54||1276|
16|10|11|54||1277|
16|10|12|54||1278|
16|10|12|54||1279|
16|10|12|54||1280|
16|10|11|54||1281|
16|10|11|54||1282|
16|10|11|54||1286|
16|10|11|54||1287|
16|11|3|1||1|
16|11|3|1||2|
16|11|3|1||3|
16|11|3|1||4|
16|11|3|1||5|
16|11|3|1||6|
16|11|3|1||7|
16|11|3|1||8|
16|11|3|1||9|
16|11|3|1||10|
16|11|1|9||149|
16|11|1|9||150|
16|11|1|9||151|
16|11|1|9||152|
16|11|1|9||153|
16|11|1|9||154|
16|11|1|9||155|
16|11|1|9||156|
16|11|1|9||157|
16|11|1|9||158|
16|11|1|9||159|
16|11|1|9||160|
16|11|1|9||161|
16|11|1|9||162|
16|11|1|9||163|
16|11|1|9||164|
16|11|1|9||165|
16|11|1|9||166|
16|11|1|9||167|
16|11|1|9||168|
16|11|1|9||169|
16|11|3|13||213|
16|11|3|13||214|
16|11|3|13||215|
16|11|3|13||216|
16|11|3|13||217|
16|11|3|13||218|
16|11|3|13||219|
16|11|3|13||220|
16|11|3|13||221|
16|11|3|13||222|
16|11|3|13||223|
16|11|3|13||224|
16|11|1|29||420|
16|11|1|29||421|
16|11|1|29||422|
16|11|1|29||423|
16|11|1|29||424|
16|11|1|29||425|
16|11|1|29||426|
16|11|1|29||427|
16|11|1|29||428|
16|11|1|29||429|
16|11|1|29||430|
16|11|1|29||431|
16|11|1|29||432|
16|11|3|38||601|
16|11|3|38||602|
16|11|3|38||603|
16|11|3|38||604|
16|11|3|38||605|
16|11|3|38||606|
16|11|3|38||607|
16|11|3|38||608|
16|11|3|38||609|
16|11|3|38||610|
16|11|3|38||611|
16|11|3|38||612|
16|11|3|38||613|
16|11|3|38||614|
16|11|3|38||615|
16|11|3|38||616|
16|11|3|38||617|
16|11|3|38||618|
16|11|3|38||619|
16|11|3|38||620|
16|11|3|38||621|
16|11|3|38||622|
16|11|3|38||623|
16|11|3|38||624|
16|11|3|38||625|
16|11|3|38||626|
16|11|3|38||627|
16|11|3|38||628|
16|11|3|38||629|
16|11|3|38||630|
16|11|3|38||631|
16|11|3|38||632|
16|11|3|38||633|
16|11|3|38||634|
16|11|3|38||635|
16|11|3|38||636|
16|11|3|38||637|
16|11|3|38||638|
16|11|3|38||639|
16|11|3|38||640|
16|11|3|38||641|
16|11|3|38||642|
16|11|3|38||643|
16|11|3|38||644|
16|11|3|38||645|
16|11|3|38||646|
16|11|3|51||871|
16|11|3|51||872|
16|11|3|51||873|
16|11|3|51||874|
16|11|3|51||875|
16|11|3|51||876|
16|11|3|51||877|
16|11|3|51||878|
16|11|3|51||879|
16|11|3|51||880|
16|11|3|51||881|
16|11|3|51||882|
16|11|3|51||883|
16|11|3|51||884|
16|11|3|58||1336|
16|11|3|58||1337|
16|11|3|58||1338|
16|11|3|58||1339|
16|11|3|58||1340|
16|11|3|58||1341|
16|11|3|58||1342|
16|11|3|58||1343|
16|11|3|58||1344|
16|11|3|58||1345|
16|11|3|58||1346|
16|11|3|58||1347|
16|11|3|58||1348|
16|11|5|78||1768|
16|11|5|78||1769|
16|11|5|78||1770|
16|11|5|78||1771|
16|11|5|78||1772|
16|11|5|78||1773|
16|11|5|78||1774|
16|11|5|78||1775|
16|11|5|78||1776|
16|11|5|78||1777|
16|11|5|78||1778|
16|11|5|78||1779|
16|11|5|78||1780|
16|11|5|78||1781|
16|11|5|78||1782|
16|11|5|78||1783|
16|11|5|78||1784|
16|11|5|78||1785|
16|11|5|78||1786|
16|11|5|78||1787|
16|11|3|80||1799|
16|11|3|80||1800|
16|11|3|80||1801|
16|11|3|80||1802|
16|11|3|80||1803|
16|11|3|80||1804|
16|11|3|80||1805|
16|11|3|80||1806|
16|11|3|80||1807|
16|11|3|80||1808|
16|11|3|80||1809|
16|11|3|80||1810|
16|11|3|80||1811|
16|11|3|80||1812|
16|11|3|80||1813|
16|11|3|80||1814|
16|11|3|80||1815|
16|11|3|80||1816|
16|11|3|80||1817|
16|11|3|80||1818|
16|11|3|80||1819|
16|11|3|80||1820|
16|11|3|80||2673|
16|11|3|80||2674|
16|11|3|83||1844|
16|11|3|83||1845|
16|11|3|83||1846|
16|11|3|83||1847|
16|11|3|83||1848|
16|11|3|83||1849|
16|11|3|83||1850|
16|11|3|83||1851|
16|11|3|83||1852|
16|11|3|83||1853|
16|11|3|83||1854|
16|11|3|83||1855|
16|11|3|83||1856|
16|11|3|83||1857|
16|11|3|83||1858|
16|11|3|83||1859|
16|11|3|83||1860|
16|11|3|83||1861|
16|11|3|83||1862|
16|11|3|83||1863|
16|11|3|83||1864|
16|11|3|83||1865|
16|11|3|83||1866|
16|11|3|83||1867|
16|11|3|83||1868|
16|11|3|83||1869|
16|11|3|83||1870|
16|11|3|83||1871|
16|11|3|83||1872|
16|11|3|83||1873|
16|11|3|83||1874|
16|11|3|83||1875|
16|11|3|83||1876|
16|11|3|83||1877|
16|11|3|83||1878|
16|11|3|83||1879|
16|11|3|83||1880|
16|11|3|83||1881|
16|11|5|93||2013|
16|11|5|93||2014|
16|11|5|93||2015|
16|11|5|93||2016|
16|11|5|93||2017|
16|11|5|93||2018|
16|11|5|93||2019|
16|11|5|93||2020|
16|11|5|93||2021|
16|11|5|93||2022|
16|11|5|93||2023|
16|11|5|93||2024|
16|11|3|98||2075|
16|11|3|98||2076|
16|11|3|98||2077|
16|11|3|98||2078|
16|11|3|98||2079|
16|11|3|98||2080|
16|11|3|98||2081|
16|11|3|98||2082|
16|11|3|98||2083|
16|11|3|98||2084|
16|11|3|98||2085|
16|11|3|98||2086|
16|11|3|98||2087|
16|11|3|98||2088|
16|11|3|98||2089|
16|11|3|98||2090|
16|11|3|98||2091|
16|11|3|98||2092|
16|11|3|98||2093|
16|11|3|98||2094|
16|11|3|98||2095|
16|11|3|98||2096|
16|11|3|98||2097|
16|11|3|98||2098|
16|11|3|98||2099|
16|11|3|98||2100|
16|11|3|98||2101|
16|11|3|98||2102|
16|11|3|98||2103|
16|11|3|98||2104|
16|11|3|98||2105|
16|11|3|98||2106|
16|11|3|98||2107|
16|11|3|98||2108|
16|11|3|98||2109|
16|11|3|98||2110|
16|11|3|98||2111|
16|11|3|98||2112|
16|12|2|2||11|
16|12|2|2||12|
16|12|2|2||13|
16|12|2|2||14|
16|12|2|2||15|
16|12|2|2||16|
16|12|2|2||17|
16|12|2|2||18|
16|12|2|2||19|
16|12|2|2||20|
16|12|2|2||21|
16|12|2|2||22|
16|12|2|2||23|
16|12|2|2||24|
16|12|2|2||25|
16|12|2|6||58|
16|12|2|6||59|
16|12|2|6||60|
16|12|2|6||61|
16|12|2|6||62|
16|12|2|6||63|
16|12|2|6||64|
16|12|2|6||65|
16|12|2|6||66|
16|12|2|6||67|
16|12|2|6||68|
16|12|2|6||69|
16|12|2|6||70|
16|12|2|6||71|
16|12|2|6||72|
16|12|2|6||73|
16|12|2|6||74|
16|12|2|6||75|
16|12|2|6||76|
16|12|2|6||77|
16|12|2|6||78|
16|12|2|6||79|
16|12|2|6||80|
16|12|2|6||81|
16|12|2|6||82|
16|12|2|6||83|
16|12|2|6||84|
16|12|2|6||85|
16|12|2|6||86|
16|12|2|6||87|
16|12|2|6||88|
16|12|2|6||89|
16|12|2|6||90|
16|12|2|6||91|
16|12|2|6||92|
16|12|2|6||93|
16|12|2|6||94|
16|12|2|6||95|
16|12|2|6||96|
16|12|2|6||97|
16|12|2|6||98|
16|12|2|6||99|
16|12|2|6||100|
16|12|2|6||101|
16|12|2|6||102|
16|12|2|6||103|
16|12|2|6||104|
16|12|2|6||105|
16|12|2|6||106|
16|12|2|6||107|
16|12|2|6||108|
16|12|2|6||109|
16|12|2|6||110|
16|12|2|6||111|
16|12|2|6||112|
16|12|2|6||113|
16|12|2|6||114|
16|12|2|6||115|
16|12|2|6||116|
16|12|2|6||117|
16|12|2|6||118|
16|12|2|6||119|
16|12|2|6||120|
16|12|2|6||121|
16|12|2|6||122|
16|12|2|6||123|
16|12|2|6||124|
16|12|2|6||125|
16|12|2|6||126|
16|12|2|6||127|
16|12|2|6||128|
16|12|2|6||129|
16|12|2|6||130|
16|12|2|6||131|
16|12|2|6||2660|
16|12|2|6||2661|
16|12|2|6||2662|
16|12|2|6||2663|
16|12|2|6||2664|
16|12|2|6||2665|
16|12|2|12||190|
16|12|2|12||191|
16|12|2|12||192|
16|12|2|12||193|
16|12|2|12||194|
16|12|2|12||195|
16|12|2|12||196|
16|12|2|12||197|
16|12|2|12||198|
16|12|2|12||199|
16|12|2|12||200|
16|12|2|12||201|
16|12|2|12||202|
16|12|2|12||203|
16|12|2|12||204|
16|12|2|12||205|
16|12|2|12||206|
16|12|2|12||207|
16|12|2|12||208|
16|12|2|12||209|
16|12|2|12||210|
16|12|2|12||211|
16|12|2|12||212|
16|12|7|33||467|
16|12|7|33||468|
16|12|7|33||469|
16|12|7|33||470|
16|12|7|33||471|
16|12|7|33||472|
16|12|7|33||473|
16|12|7|33||474|
16|12|7|33||475|
16|12|7|33||476|
16|12|7|33||477|
16|12|7|33||478|
16|12|7|33||479|
16|12|1|35||557|
16|12|1|35||558|
16|12|1|35||559|
16|12|1|35||560|
16|12|1|35||561|
16|12|1|35||562|
16|12|1|35||563|
16|12|1|35||564|
16|12|1|35||565|
16|12|1|35||566|
16|12|1|35||567|
16|12|1|35||568|
16|12|1|35||569|
16|12|1|35||570|
16|12|1|35||571|
16|12|1|35||572|
16|12|1|35||573|
16|12|1|35||574|
16|12|1|35||575|
16|12|1|35||576|
16|12|1|35||577|
16|12|1|35||578|
16|12|1|35||579|
16|12|1|35||2666|
16|12|1|35||2667|
16|12|1|35||2668|
16|12|1|35||2669|
16|12|1|35||2670|
16|12|1|56||1297|
16|12|1|56||1298|
16|12|1|56||1299|
16|12|1|56||1300|
16|12|1|56||1301|
16|12|1|56||1302|
16|12|1|56||1303|
16|12|1|56||1304|
16|12|1|56||1305|
16|12|1|56||1306|
16|12|1|56||1307|
16|12|1|56||1308|
16|12|1|56||1309|
16|12|1|56||1310|
16|12|1|56||1311|
16|12|1|56||1312|
16|12|1|56||1313|
16|12|1|56||1314|
16|12|1|56||1315|
16|12|1|56||1316|
16|12|1|56||1317|
16|12|1|56||1318|
16|12|1|56||1319|
16|12|1|56||1320|
16|12|1|60||1360|
16|12|1|60||1361|
16|12|1|60||1362|
16|12|1|60||1363|
16|12|1|60||1364|
16|12|1|60||1365|
16|12|1|60||1366|
16|12|1|60||1367|
16|12|1|60||1368|
16|12|2|65||1426|
16|12|2|65||1427|
16|12|2|65||1428|
16|12|2|65||1429|
16|12|2|65||1430|
16|12|2|65||1431|
16|12|2|65||1432|
16|12|2|65||1433|
16|12|2|65||1434|
16|12|2|65||1435|
16|12|2|65||1436|
16|12|2|65||1437|
16|12|2|65||1438|
16|12|2|65||1439|
16|12|2|65||2671|
16|12|2|65||2672|
16|12|2|84||1882|
16|12|2|84||1883|
16|12|2|84||1884|
16|12|2|84||1885|
16|12|2|84||1886|
16|12|2|84||1887|
16|12|2|84||1888|
16|12|2|84||1889|
16|12|2|84||1890|
16|12|2|84||1891|
16|12|2|84||1892|
16|12|2|84||1893|
16|12|2|84||1894|
16|12|2|84||1895|
16|12|2|84||1896|
16|12|2|84||1897|
16|13|2|8||136|
16|13|2|8||137|
16|13|2|8||138|
16|13|2|8||139|
16|13|2|8||140|
16|13|2|8||141|
16|13|2|8||142|
16|13|2|8||143|
16|13|2|8||144|
16|13|2|8||145|
16|13|2|8||146|
16|13|2|8||147|
16|13|2|8||148|
16|13|1|10||170|
16|13|1|10||171|
16|13|1|10||172|
16|13|1|10||173|
16|13|1|10||174|
16|13|1|10||175|
16|13|1|10||176|
16|13|1|10||177|
16|13|1|10||178|
16|13|1|10||179|
16|13|1|10||180|
16|13|1|10||181|
16|13|1|10||182|
16|13|1|10||183|
16|13|2|14||225|
16|13|2|14||226|
16|13|2|14||227|
16|13|2|14||228|
16|13|2|14||229|
16|13|2|14||230|
16|13|2|14||231|
16|13|2|14||232|
16|13|2|14||233|
16|13|2|14||234|
16|13|2|14||235|
16|13|2|14||236|
16|13|2|15||237|
16|13|2|15||238|
16|13|2|15||239|
16|13|2|15||240|
16|13|2|15||241|
16|13|2|15||242|
16|13|2|15||243|
16|13|2|15||244|
16|13|2|15||245|
16|13|2|15||246|
16|13|2|15||247|
16|13|2|15||248|
16|13|2|15||249|
16|13|2|15||250|
16|13|2|15||251|
16|13|2|15||252|
16|13|2|15||253|
16|13|2|15||254|
16|13|2|15||255|
16|13|2|15||256|
16|13|2|26||397|
16|13|2|26||398|
16|13|2|26||399|
16|13|2|26||400|
16|13|2|26||401|
16|13|2|26||402|
16|13|2|26||403|
16|13|2|26||404|
16|13|1|50||806|
16|13|1|50||807|
16|13|1|50||808|
16|13|1|50||809|
16|13|1|50||810|
16|13|1|50||811|
16|13|1|50||812|
16|13|1|50||813|
16|13|1|50||814|
16|13|1|50||815|
16|13|1|50||816|
16|13|1|50||817|
16|13|1|50||818|
16|13|1|50||819|
16|13|1|50||820|
16|13|1|50||821|
16|13|1|50||822|
16|13|1|50||823|
16|13|1|50||824|
16|13|1|50||825|
16|13|1|50||826|
16|13|1|50||827|
16|13|1|50||828|
16|13|1|50||829|
16|13|1|50||830|
16|13|1|50||831|
16|13|1|50||832|
16|13|1|50||833|
16|13|1|50||834|
16|13|1|50||835|
16|13|1|50||836|
16|13|1|50||837|
16|13|1|50||838|
16|13|1|50||839|
16|13|1|50||840|
16|13|1|50||841|
16|13|1|50||842|
16|13|1|50||843|
16|13|1|50||844|
16|13|1|50||845|
16|13|1|50||846|
16|13|1|50||847|
16|13|1|50||848|
16|13|1|50||849|
16|13|1|50||850|
16|13|1|50||851|
16|13|1|50||852|
16|13|1|50||853|
16|13|1|50||854|
16|13|1|50||855|
16|13|1|50||856|
16|13|1|50||857|
16|13|1|50||858|
16|13|1|50||859|
16|13|1|50||860|
16|13|1|50||861|
16|13|1|50||862|
16|13|1|50||863|
16|13|1|50||864|
16|13|1|50||865|
16|13|1|50||866|
16|13|1|50||867|
16|13|1|50||868|
16|13|1|50||869|
16|13|1|50||870|
16|13|2|90||1979|
16|13|2|90||1980|
16|13|2|90||1981|
16|13|2|90||1982|
16|13|2|90||1983|
16|13|2|90||1984|
16|13|2|90||1985|
16|13|2|90||1986|
16|13|2|90||1987|
16|13|2|90||1988|
16|13|2|90||1989|
16|13|2|90||1990|
16|13|2|90||1991|
16|13|2|90||1992|
16|13|2|90||1993|
16|13|2|90||1994|
16|13|1|97||2065|
16|13|1|97||2066|
16|13|1|97||2067|
16|13|1|97||2068|
16|13|1|97||2069|
16|13|1|97||2070|
16|13|1|97||2071|
16|13|1|97||2072|
16|13|1|97||2073|
16|13|1|97||2074|
