"Entidad","Distrito","Municipio","Seccion","Hog_tot","Ptoperhog","Ticlahog11","Ticlahog12","Ticlahog13","Ticlahog14","Ticlahog21","Ticlahog22","Ticlahog99"
7,3,59,833,466,5.46,318,76,0,13,8,0,0
7,3,59,832,344,5.58,241,77,1,7,5,0,0
7,3,59,831,362,6.14,275,72,0,4,4,0,0
7,3,59,830,412,6.38,262,84,0,11,10,0,0
7,3,59,821,183,5.86,58,14,0,3,1,0,0
7,3,59,822,308,6.31,200,43,0,13,5,0,0
7,3,59,823,354,6.15,311,26,0,8,8,0,0
7,3,59,829,414,6.10,321,58,1,8,9,0,1
7,3,59,824,383,5.95,266,71,2,14,4,0,0
7,3,59,825,497,4.57,328,47,0,11,10,0,0
7,3,59,827,505,6.95,369,81,0,5,3,0,0
7,3,59,849,691,6.02,425,74,1,35,5,0,1
7,3,59,826,658,5.09,479,126,0,10,9,0,0
7,3,59,834,555,7.02,408,81,0,20,4,0,0
7,3,59,835,784,5.07,522,124,0,13,20,0,1
7,3,59,845,525,5.19,284,75,0,8,7,0,0
7,3,59,842,1103,5.55,775,175,0,9,23,0,0
7,3,59,846,440,5.41,306,89,0,12,3,0,0
7,3,59,859,575,5.70,160,53,0,7,2,0,0
7,3,59,858,446,5.91,278,72,0,16,7,0,0
7,3,59,862,500,5.90,266,56,0,1,1,0,0
7,3,59,847,620,5.00,358,73,0,8,14,0,0
7,2,60,884,780,5.05,651,75,0,24,27,1,2
7,2,60,883,461,5.27,362,64,0,13,19,0,1
7,4,18,236,264,3.87,209,25,0,5,24,0,1
7,4,18,238,459,5.20,379,35,0,19,26,0,0
7,4,18,237,521,4.30,438,41,0,16,25,0,1
7,4,18,234,324,3.54,233,52,0,7,31,1,0
7,4,18,235,345,3.82,255,53,0,10,26,0,1
7,4,21,321,522,4.24,409,55,1,25,31,1,0
7,4,21,323,155,5.70,120,27,0,0,8,0,0
7,4,21,322,273,4.68,214,42,0,0,17,0,0
7,4,21,325,253,4.56,214,19,0,5,15,0,0
7,4,21,326,337,3.54,244,52,3,2,34,2,0
7,4,21,327,398,4.65,310,58,0,8,22,0,0
7,4,21,324,231,4.32,179,28,0,0,24,0,0
7,4,21,328,324,4.16,233,55,0,0,34,1,0
7,4,21,330,314,4.34,246,44,0,4,19,1,0
7,4,21,329,393,4.53,280,69,0,1,42,0,0
7,3,59,860,517,5.29,285,75,0,7,8,0,0
7,3,59,841,407,5.95,299,40,0,3,7,0,0
7,3,59,844,426,5.30,322,75,0,2,11,0,2
7,3,59,843,597,5.61,472,96,0,8,12,0,0
7,3,59,838,295,5.47,229,31,0,3,8,0,0
7,3,59,836,372,6.68,280,55,0,2,7,0,0
7,4,21,317,425,3.80,289,90,0,6,36,0,0
7,4,21,318,509,3.94,362,104,0,9,32,2,0
7,4,21,319,374,3.87,246,83,1,2,36,3,0
7,4,21,320,366,4.00,252,73,1,1,36,0,1
7,4,93,1424,493,4.19,404,57,0,1,31,0,0
7,4,93,1417,395,4.29,324,59,0,3,9,0,0
7,4,93,1416,310,5.53,245,44,1,0,14,0,0
7,4,93,1418,219,4.91,165,51,0,0,3,0,0
7,4,93,1423,236,4.72,191,36,0,1,8,0,0
7,4,93,1422,235,4.18,178,41,0,0,15,0,0
7,4,93,1425,200,3.70,165,23,0,0,11,1,0
7,4,93,1426,593,4.57,414,158,0,0,19,0,0
7,3,59,840,526,6.28,416,84,0,7,7,0,0
7,4,93,1436,139,4.95,112,22,0,0,5,0,0
7,4,93,1427,74,4.65,63,8,0,1,2,0,0
7,4,93,1428,271,4.57,210,46,0,1,14,0,0
7,4,93,1414,358,3.69,247,83,4,0,20,1,0
7,4,93,1415,21,6.19,16,5,0,0,0,0,0
7,4,93,1420,440,5.62,328,92,0,3,15,0,1
7,4,93,1419,309,5.71,219,79,0,3,6,0,0
7,4,93,1421,245,5.35,171,53,0,5,15,0,1
7,4,93,1433,316,4.55,224,70,2,2,18,0,0
7,3,59,848,686,5.93,541,82,0,34,5,0,3
7,3,59,857,810,5.81,633,57,0,29,2,0,1
7,3,59,861,501,6.21,249,77,0,9,1,0,0
7,3,59,856,392,6.28,326,39,0,20,0,0,1
7,3,59,864,487,6.20,238,52,0,19,2,0,0
7,3,59,850,547,5.83,332,78,0,29,10,0,2
7,2,13,148,406,4.90,356,40,0,0,10,0,0
7,2,13,149,492,4.71,419,53,0,2,17,1,0
7,2,13,150,338,5.83,308,19,0,0,11,0,0
7,2,13,151,613,5.10,556,41,0,1,14,0,0
7,2,13,152,532,4.93,482,33,0,1,16,0,0
7,2,13,153,314,4.93,275,24,0,3,12,0,0
7,3,59,869,513,4.97,378,100,5,6,23,0,0
7,3,59,875,333,5.31,198,47,0,2,8,0,0
7,3,59,852,150,4.82,98,26,0,8,5,0,0
7,2,13,154,537,5.91,404,92,0,1,11,0,0
7,4,93,1437,303,4.24,256,35,2,1,9,0,0
7,3,59,851,224,5.92,102,17,0,3,0,0,0
7,3,59,854,321,6.58,238,58,0,8,3,0,0
7,3,59,870,725,6.26,333,89,0,19,2,0,0
7,3,59,863,403,6.29,238,32,1,12,2,0,0
7,4,93,1429,506,3.89,368,88,2,9,33,1,0
7,4,93,1434,326,5.22,243,65,1,8,8,0,1
7,4,93,1435,276,5.52,213,47,0,5,10,0,0
7,3,59,871,453,5.99,171,35,0,13,4,0,0
7,3,59,872,618,5.95,427,107,1,27,4,0,0
7,3,59,881,363,5.27,286,59,0,4,10,0,1
7,4,61,896,378,5.17,307,38,0,19,14,0,0
7,4,61,897,671,4.99,552,95,1,7,16,0,0
7,4,61,898,693,5.10,574,85,1,12,20,0,1
7,4,61,900,996,4.81,823,141,0,9,23,0,0
7,3,59,873,262,6.16,196,58,1,3,3,0,1
7,3,59,876,669,4.54,499,131,1,16,20,0,1
7,3,59,880,136,5.67,118,14,1,2,1,0,0
7,3,59,878,481,5.84,356,100,1,11,9,0,0
7,4,61,901,950,4.46,759,133,2,9,46,1,0
7,4,61,902,186,4.01,136,40,2,1,6,1,0
7,4,61,885,744,4.49,541,143,3,3,37,2,0
7,4,61,887,1116,4.73,862,190,1,7,47,1,2
7,4,61,892,771,4.38,585,140,1,4,33,3,0
7,4,61,894,1226,4.41,940,201,4,6,53,1,1
7,4,61,904,222,4.46,176,33,0,1,12,0,0
7,4,61,906,255,3.79,203,38,0,2,12,0,0
7,4,61,905,433,3.49,346,71,0,2,14,0,0
7,4,61,909,536,3.19,403,95,0,3,34,0,1
7,4,61,903,390,4.46,331,39,0,4,16,0,0
7,4,61,908,199,5.76,153,35,0,3,8,0,0
7,4,61,907,333,4.68,269,42,0,4,17,1,0
7,4,61,890,432,3.64,313,89,1,1,19,1,0
7,4,61,910,359,4.16,297,47,0,5,9,0,1
7,4,61,911,331,6.23,269,39,0,4,19,0,0
7,3,59,815,955,4.95,616,244,14,8,55,1,0
7,3,59,818,800,4.35,526,189,7,18,45,9,0
7,3,59,819,1245,4.80,839,323,7,11,42,6,0
7,3,59,820,2104,4.63,1432,471,8,13,96,12,4
7,3,59,853,503,6.42,361,104,6,21,6,0,0
7,3,59,855,759,6.52,536,145,1,33,4,1,3
7,3,59,867,531,5.16,414,94,2,7,11,0,0
7,3,59,868,528,4.92,380,118,0,13,17,0,0
7,3,59,828,296,5.58,138,33,0,7,3,0,0
7,3,4,35,670,4.67,508,115,2,1,27,1,0
7,3,4,38,197,5.42,138,28,0,0,2,0,0
7,3,4,39,401,5.39,256,25,0,18,7,0,1
7,3,4,40,587,5.15,450,55,0,1,12,0,0
7,3,4,41,560,5.63,355,86,1,21,4,1,2
7,3,4,42,637,4.89,470,61,0,24,13,0,2
7,3,4,43,481,5.51,372,49,2,40,12,0,0
7,4,61,893,781,4.25,585,140,3,1,44,1,0
7,4,61,895,1056,4.10,836,151,5,3,44,0,0
7,4,61,886,419,4.07,295,89,4,5,23,1,0
7,4,61,889,556,3.79,373,128,7,2,37,4,0
7,4,61,891,418,3.68,279,89,5,0,32,4,0
7,4,61,888,724,4.11,493,153,5,2,54,2,0
7,4,12,138,476,4.92,393,61,1,1,20,0,0
7,4,12,137,380,4.49,299,64,0,1,15,1,0
7,4,12,139,177,5.87,152,16,0,0,7,0,0
7,4,12,140,143,5.61,126,13,0,1,3,0,0
7,4,12,141,190,5.62,153,21,1,5,10,0,0
7,4,12,142,360,4.81,287,52,1,2,16,0,0
7,4,12,143,228,4.50,164,47,1,1,15,0,0
7,3,52,723,441,6.50,253,47,1,1,1,0,0
7,3,52,724,541,6.07,323,200,0,0,5,0,0
7,3,52,725,602,6.14,379,210,0,4,9,0,0
7,4,12,135,647,4.47,454,160,1,0,29,3,0
7,4,12,134,626,4.13,452,143,0,2,26,0,1
7,3,52,726,343,6.23,179,105,0,1,3,0,0
7,4,12,130,1125,4.50,814,267,2,4,36,1,0
7,3,52,733,719,5.89,460,69,0,3,16,1,0
7,3,52,732,492,6.63,271,97,0,6,3,0,0
7,4,12,131,718,4.43,535,142,2,8,29,0,2
7,3,52,736,579,5.46,379,186,0,3,8,0,0
7,4,12,132,618,4.33,443,139,1,1,26,2,0
7,3,52,735,546,4.95,442,85,0,0,17,1,0
7,3,52,734,490,7.09,281,201,0,2,6,0,0
7,3,52,740,396,5.08,307,75,1,3,10,0,0
7,4,93,1430,293,4.30,180,78,5,4,22,0,0
7,4,93,1431,459,4.11,302,104,2,8,39,2,0
7,4,93,1432,353,3.78,234,83,8,2,23,1,0
7,4,93,1412,179,3.82,104,36,2,3,11,1,1
7,4,93,1413,335,3.94,242,67,2,7,17,0,0
7,4,93,1411,475,3.89,348,89,5,1,23,1,0
7,3,52,742,458,5.83,322,108,1,4,15,0,0
7,3,52,739,418,5.49,239,167,1,3,8,0,0
7,3,52,737,579,5.90,351,89,0,4,3,0,0
7,3,52,738,321,5.35,175,94,0,2,2,0,0
7,3,52,731,596,5.07,449,112,0,0,12,1,0
7,3,52,744,540,5.86,206,84,0,6,2,0,0
7,3,52,727,281,5.87,176,68,0,0,5,0,0
7,3,52,729,459,6.10,146,63,0,0,2,0,0
7,3,52,728,247,5.66,73,8,0,0,2,0,0
7,4,78,1177,809,3.74,640,119,0,7,42,0,0
7,4,78,1169,213,4.27,168,31,1,3,9,0,1
7,4,78,1170,485,5.48,383,83,0,4,15,0,0
7,4,78,1172,394,4.65,311,61,0,11,11,0,0
7,3,52,745,485,5.13,218,47,0,0,12,0,0
7,3,52,746,244,4.93,192,48,0,1,3,0,0
7,4,78,1171,276,4.87,181,47,2,6,40,0,0
7,3,52,730,486,5.69,259,97,0,15,10,0,0
7,4,78,1173,395,4.41,317,58,2,0,17,0,0
7,4,78,1174,526,4.45,390,106,0,2,26,0,1
7,4,78,1175,608,4.29,516,56,2,7,27,0,0
7,4,78,1176,682,4.71,546,92,0,7,35,1,1
7,4,78,1168,782,4.00,584,147,3,12,33,1,1
7,3,52,743,518,5.45,361,131,0,1,6,0,0
7,3,52,751,599,5.86,491,82,0,6,17,0,0
7,3,52,750,406,4.99,320,43,0,2,11,0,0
7,3,52,752,299,5.86,236,58,0,0,3,0,0
7,3,52,753,203,5.06,168,33,0,1,1,0,0
7,3,52,749,386,5.41,293,78,0,3,4,0,0
7,4,78,1165,782,4.28,584,154,1,6,34,0,0
7,4,78,1166,514,3.92,369,100,3,1,32,0,0
7,4,78,1167,582,3.98,438,100,0,7,34,0,0
7,3,52,748,293,5.23,212,75,0,0,5,0,0
7,3,52,755,169,5.28,130,32,0,0,3,0,0
7,3,52,754,238,5.64,186,46,0,0,5,0,0
7,3,52,759,470,6.09,388,71,0,5,2,0,0
7,3,52,756,182,5.45,136,36,0,0,2,0,0
7,3,52,758,319,5.21,238,71,0,2,5,0,0
7,3,52,757,318,6.20,234,75,0,4,3,0,1
7,3,52,747,128,5.29,104,20,1,1,2,0,0
7,3,64,929,441,5.75,332,99,0,1,9,0,0
7,3,64,932,472,6.12,340,86,0,3,6,0,0
7,3,64,933,49,6.07,39,6,0,1,3,0,0
7,3,64,934,209,5.85,172,28,0,2,7,0,0
7,3,64,935,620,6.05,463,133,0,14,8,0,0
7,3,64,940,601,5.86,450,131,0,8,12,0,0
7,3,64,941,186,5.59,156,23,0,5,2,0,0
7,3,64,942,299,5.80,249,39,0,3,8,0,0
7,3,64,943,362,6.02,287,66,0,1,8,0,0
7,3,64,936,410,5.97,288,95,0,8,3,0,0
7,3,64,930,410,5.24,300,82,0,5,20,0,0
7,3,64,931,417,5.38,324,76,0,7,8,0,0
7,3,64,925,474,5.89,311,140,0,2,12,0,0
7,3,64,938,248,5.96,178,58,0,1,6,0,0
7,3,64,937,226,5.56,168,33,0,1,4,0,0
7,3,64,939,402,6.27,274,84,0,4,26,0,0
7,3,59,877,196,5.34,124,35,0,5,12,0,1
7,3,59,879,509,5.04,366,109,0,5,24,2,0
7,3,64,926,577,6.27,360,197,0,1,15,0,0
7,2,79,1180,787,5.06,642,63,0,3,5,0,0
7,2,79,1181,403,5.41,331,40,0,1,5,0,0
7,2,79,1183,466,5.64,354,48,0,2,10,0,0
7,2,79,1184,355,5.53,272,32,0,16,6,0,0
7,2,79,1182,579,5.51,465,62,0,12,12,0,1
7,2,79,1186,317,5.66,267,36,0,5,6,0,0
7,2,79,1179,437,5.82,351,62,0,2,3,0,0
7,2,83,1223,432,5.22,369,31,0,2,1,0,0
7,2,83,1224,390,4.96,330,30,0,1,2,0,0
7,2,83,1222,478,4.72,353,86,2,1,21,3,0
7,2,83,1225,725,4.83,646,49,0,4,14,0,0
7,1,16,188,432,4.65,243,122,2,29,34,0,2
7,1,16,189,293,4.22,206,71,0,1,15,0,0
7,1,16,190,194,3.86,137,42,0,3,12,0,0
7,1,16,193,614,4.42,433,140,2,3,35,0,0
7,1,16,194,455,4.93,312,111,0,6,24,0,0
7,1,16,192,398,4.69,255,111,0,4,27,0,0
7,1,16,191,158,4.68,95,53,1,0,7,0,0
7,1,16,196,154,3.81,112,34,0,3,5,0,0
7,1,16,195,239,3.93,162,56,1,2,18,0,0
7,2,79,1178,626,5.95,498,99,0,5,10,0,0
7,1,65,953,501,4.57,377,102,1,3,15,0,0
7,1,65,954,505,4.68,359,98,0,6,27,1,0
7,1,65,958,391,4.95,300,71,0,9,11,0,0
7,1,65,957,447,3.44,313,102,1,4,26,1,0
7,1,65,944,819,3.80,563,192,6,3,53,1,0
7,1,65,959,193,3.59,156,22,0,3,12,0,0
7,10,108,1832,659,4.23,476,137,0,1,45,0,0
7,10,108,1836,384,4.74,292,69,0,3,20,0,0
7,10,108,1842,175,4.48,137,24,0,1,12,1,0
7,10,108,1828,891,4.32,611,225,3,2,49,0,1
7,10,108,1831,700,4.14,513,152,0,0,35,0,0
7,10,108,1829,523,4.14,373,125,0,2,22,0,0
7,10,108,1830,563,4.32,401,133,1,2,24,2,0
7,10,108,1843,656,3.92,484,128,1,4,37,0,2
7,10,108,1841,937,4.21,658,225,2,7,44,0,0
7,10,108,1844,587,4.77,428,1,0,4,30,0,0
7,10,108,1840,780,4.09,544,182,1,2,51,0,0
7,10,108,1839,503,4.39,389,86,0,3,25,0,0
7,10,108,1835,648,4.08,458,132,2,1,54,1,0
7,1,65,955,357,4.60,263,80,1,1,12,0,0
7,1,65,956,458,4.15,350,82,0,5,19,1,0
7,1,65,949,1282,4.17,776,318,23,12,82,20,6
7,1,65,962,530,4.19,389,113,3,4,13,0,0
7,1,65,963,456,5.95,345,61,0,2,1,0,0
7,1,65,970,460,5.33,352,66,0,7,4,0,0
7,1,65,964,633,5.10,472,135,0,9,17,0,0
7,1,65,971,526,4.10,389,115,2,0,20,0,0
7,1,65,965,632,5.32,499,110,0,4,18,1,0
7,1,65,961,186,4.15,140,36,0,2,7,1,0
7,1,65,960,456,4.44,316,109,1,3,19,0,0
7,10,108,1848,535,4.22,361,133,0,2,39,0,0
7,10,108,1851,446,4.17,324,88,1,0,32,0,1
7,10,108,1853,472,4.17,350,100,2,2,18,0,0
7,4,89,1264,567,4.46,422,103,2,9,29,0,1
7,10,108,1846,995,4.68,798,129,2,31,32,0,1
7,10,108,1854,448,4.26,352,57,1,6,32,0,0
7,4,62,919,195,4.97,137,42,0,6,9,0,0
7,4,62,913,658,4.53,409,157,0,7,36,2,1
7,4,62,914,570,4.58,401,105,2,5,35,1,1
7,4,62,920,481,5.46,348,96,1,3,19,0,0
7,4,62,921,133,4.49,100,20,0,5,5,0,0
7,4,62,922,252,4.26,175,49,0,2,7,0,0
7,4,62,916,649,5.92,381,50,2,1,34,2,0
7,4,62,917,50,4.78,29,11,0,1,3,2,0
7,4,62,918,385,4.10,293,69,0,11,12,0,0
7,4,62,915,273,4.95,185,66,2,3,11,0,1
7,2,91,1405,432,4.37,330,55,1,4,42,0,0
7,2,91,1404,520,4.25,399,87,1,0,33,0,0
7,2,25,382,281,5.33,206,60,0,0,15,0,0
7,2,25,383,412,5.41,316,79,2,0,15,0,0
7,2,33,502,657,5.47,483,97,2,7,14,2,1
7,2,33,503,384,5.16,301,52,1,2,8,1,0
7,10,108,1850,502,4.25,371,101,0,2,28,0,0
7,1,65,946,892,3.98,629,190,12,7,49,2,0
7,1,65,945,1350,4.36,894,353,9,4,67,4,0
7,1,65,948,774,3.68,388,187,33,5,94,23,3
7,1,65,950,1535,4.06,990,396,35,9,83,14,0
7,1,65,951,865,3.73,496,204,24,7,98,21,2
7,1,65,947,1840,4.20,1072,472,30,19,117,25,1
7,1,65,952,875,4.26,556,198,21,7,61,11,0
7,10,108,1849,446,3.99,312,101,2,0,31,0,0
7,1,65,975,383,5.98,336,34,0,9,4,0,0
7,1,65,974,480,5.56,358,107,0,4,9,0,0
7,1,65,972,600,5.65,421,127,1,2,9,0,0
7,1,65,967,160,5.73,132,27,0,0,1,0,0
7,10,108,1855,556,4.16,426,88,2,4,34,1,1
7,1,65,966,196,3.81,151,23,1,2,9,1,0
7,1,65,968,509,5.63,409,83,0,1,14,1,0
7,10,108,1847,348,4.62,262,74,1,3,8,0,0
7,1,65,969,453,5.34,290,6,1,1,32,0,0
7,10,108,1852,636,4.72,476,119,1,3,36,1,0
7,2,25,381,627,4.80,467,129,0,3,27,1,0
7,2,14,157,432,4.79,362,31,0,11,8,0,0
7,2,14,158,186,4.33,143,5,0,9,6,0,1
7,2,14,159,390,5.09,313,23,0,10,8,0,0
7,2,14,161,222,5.13,150,7,0,11,7,0,1
7,2,14,160,637,5.30,551,16,0,29,16,0,0
7,2,14,162,374,5.03,302,11,0,12,14,0,0
7,1,65,973,533,4.91,392,83,1,6,17,1,0
7,1,65,976,382,5.13,310,64,1,2,5,0,0
7,2,47,664,462,4.95,374,71,1,7,9,0,0
7,2,47,662,529,4.63,448,47,1,7,24,0,1
7,2,47,668,236,4.65,199,20,2,5,10,0,0
7,2,47,665,124,4.59,106,9,0,0,9,0,0
7,2,47,666,545,4.84,487,34,0,0,24,0,0
7,2,47,667,757,4.76,677,49,0,3,20,0,0
7,2,71,1047,851,5.18,678,142,4,3,20,3,0
7,2,71,1048,621,5.33,525,80,1,2,13,0,0
7,2,71,1043,347,4.98,303,34,0,0,10,0,0
7,2,71,1042,413,4.74,356,44,0,2,11,0,0
7,2,71,1044,815,5.20,666,113,1,3,32,0,0
7,1,50,694,233,3.71,161,51,0,0,17,0,0
7,1,50,692,173,3.24,110,35,3,1,23,1,0
7,1,50,696,324,3.26,229,65,0,1,27,1,0
7,2,72,1051,414,5.31,347,44,0,8,14,0,0
7,2,72,1049,554,4.95,389,108,0,16,31,2,3
7,2,92,1406,707,4.08,509,138,2,9,44,0,0
7,1,31,457,659,4.46,478,148,2,1,26,1,0
7,1,31,456,592,4.70,418,125,3,0,33,2,0
7,2,92,1407,335,3.76,255,51,1,2,24,1,0
7,2,92,1409,506,4.23,382,71,1,7,39,4,0
7,2,92,1410,617,3.91,483,64,0,22,46,1,1
7,1,31,484,380,5.82,277,90,0,3,10,0,0
7,1,31,485,270,5.99,168,91,0,0,10,0,0
7,2,67,986,601,4.95,489,60,0,14,37,0,0
7,1,76,1092,731,4.56,457,199,3,6,54,0,1
7,2,67,989,263,4.62,198,38,0,12,13,0,2
7,2,67,985,671,3.78,525,84,0,6,52,0,3
7,2,67,987,263,4.16,211,34,0,3,15,0,0
7,2,67,988,263,4.98,210,39,0,1,13,0,0
7,10,20,297,75,4.70,59,14,0,1,1,0,0
7,10,20,298,425,5.03,354,49,1,3,18,0,0
7,1,31,458,561,5.14,479,60,0,9,13,0,0
7,10,20,293,627,3.97,450,132,2,0,37,0,0
7,1,31,459,431,5.20,361,53,0,7,10,0,0
7,10,20,294,578,3.98,418,105,0,2,43,0,0
7,1,31,476,406,5.26,319,58,1,1,7,0,0
7,10,20,305,219,6.72,146,55,0,2,16,0,0
7,1,31,460,319,5.61,252,38,0,0,3,0,0
7,10,20,295,323,4.00,219,69,0,0,35,0,0
7,1,31,461,457,5.63,381,53,0,6,9,0,0
7,1,31,462,711,6.18,586,95,0,12,7,0,0
7,1,31,463,600,5.70,507,54,0,12,11,0,0
7,1,31,472,267,6.07,200,30,0,18,2,0,0
7,10,20,303,218,4.34,154,47,0,2,15,0,0
7,1,31,473,618,6.23,505,68,0,26,6,0,1
7,1,31,480,406,6.30,347,49,0,6,3,0,1
7,10,20,299,605,4.37,473,105,1,1,25,0,0
7,1,31,474,224,5.75,164,22,0,3,6,0,0
7,10,20,300,572,3.83,461,90,1,3,16,1,0
7,1,31,478,706,5.37,553,102,0,7,29,0,0
7,1,31,479,381,5.76,327,43,0,4,0,0,0
7,10,20,304,87,4.68,64,18,0,1,4,0,0
7,1,31,486,819,5.90,662,117,0,11,19,0,0
7,1,31,487,789,5.28,643,118,0,5,13,1,0
7,10,20,306,338,4.11,248,53,0,0,37,0,0
7,1,31,488,638,4.96,490,84,0,4,15,0,0
7,10,20,313,285,4.41,213,61,1,3,7,0,0
7,10,20,312,535,4.03,376,3,2,3,19,0,0
7,1,31,483,349,6.54,270,64,0,4,6,0,0
7,1,31,482,740,6.08,630,77,0,17,13,0,0
7,1,31,481,620,6.11,479,122,0,10,9,0,0
7,2,13,147,660,4.29,532,97,0,4,21,2,0
7,2,72,1050,622,5.16,399,157,0,22,29,1,1
7,1,31,464,554,5.70,402,100,0,34,11,0,0
7,1,31,465,372,6.57,279,80,0,8,2,0,0
7,1,31,471,596,7.39,431,134,0,16,2,0,0
7,1,31,470,319,6.25,238,64,0,12,5,0,0
7,1,31,469,344,6.22,276,44,0,21,2,0,0
7,1,31,466,377,6.55,264,73,0,16,6,0,0
7,1,31,467,335,7.00,209,67,0,24,1,0,0
7,1,31,468,350,6.28,220,68,0,5,3,0,1
7,4,45,636,465,4.19,345,94,2,0,23,1,0
7,4,45,637,593,4.31,447,107,2,4,32,1,0
7,10,20,308,322,5.54,228,84,0,1,9,0,0
7,10,20,309,149,3.91,108,36,0,0,4,0,0
7,10,20,307,388,4.65,289,79,0,3,17,0,0
7,10,20,310,353,6.04,255,84,0,3,11,0,0
7,10,20,311,565,4.87,449,88,1,0,26,0,1
7,4,5,45,223,5.53,165,50,0,2,6,0,0
7,4,5,46,183,5.53,143,35,0,2,3,0,0
7,4,5,47,186,5.17,157,21,0,3,5,0,0
7,4,5,49,252,4.44,203,37,0,3,9,0,0
7,4,5,48,569,5.37,463,98,0,2,6,0,0
7,10,20,316,334,5.57,251,71,0,2,10,0,0
7,4,5,50,640,5.25,534,80,0,13,13,0,0
7,4,5,51,329,5.14,291,28,0,3,7,0,0
7,4,5,53,486,5.24,396,70,3,6,11,0,0
7,4,5,52,409,5.26,360,38,0,1,10,0,0
7,1,76,1096,563,5.15,454,63,0,18,28,0,0
7,1,76,1094,288,4.26,205,62,2,2,16,0,0
7,1,76,1095,278,4.70,197,56,1,4,20,0,0
7,1,76,1098,740,5.16,597,123,1,4,13,0,2
7,1,76,1097,372,5.57,263,90,0,10,8,0,0
7,2,42,619,408,5.13,316,77,0,5,10,0,0
7,2,42,617,327,4.22,211,87,1,1,19,3,0
7,2,42,618,668,4.27,464,151,5,7,39,0,0
7,2,42,620,460,4.81,326,102,0,9,21,0,0
7,1,76,1099,329,4.74,251,70,0,6,2,0,0
7,1,76,1100,685,5.26,532,126,0,6,19,0,0
7,1,76,1101,280,5.69,207,60,0,8,5,0,0
7,1,76,1102,350,5.55,246,72,1,12,3,0,0
7,1,76,1109,435,4.97,328,87,0,15,3,0,1
7,1,76,1103,479,6.61,362,111,1,2,3,0,0
7,1,76,1104,327,5.59,220,95,0,6,4,0,0
7,1,76,1105,404,5.49,296,68,0,10,1,0,0
7,1,76,1106,555,6.15,378,108,0,57,4,0,3
7,1,76,1110,333,5.15,252,23,0,54,4,0,0
7,1,76,1111,743,5.76,569,89,0,72,12,0,0
7,1,76,1112,828,5.61,697,88,1,34,6,0,0
7,4,85,1233,745,4.45,496,171,11,4,54,1,2
7,4,85,1234,295,5.06,214,75,0,0,6,0,0
7,4,85,1235,606,5.76,445,128,0,3,30,0,0
7,1,76,1108,544,5.66,406,105,0,25,2,0,2
7,1,76,1107,462,5.46,341,96,0,17,4,0,1
7,4,43,623,377,4.83,286,63,7,3,18,0,0
7,4,43,624,227,5.59,173,43,0,0,11,0,0
7,4,43,626,354,5.16,289,50,0,2,12,0,1
7,4,43,625,67,5.06,54,5,2,0,6,0,0
7,2,47,663,624,4.47,499,84,6,9,25,0,0
7,2,71,1041,841,5.00,608,185,5,4,36,1,0
7,2,71,1040,343,4.39,246,73,0,1,19,2,1
7,2,71,1039,559,4.59,409,121,5,2,19,1,1
7,2,82,1211,233,5.32,187,30,0,4,8,0,0
7,2,82,1210,730,5.19,551,105,1,8,9,0,1
7,2,82,1213,471,5.19,372,83,0,3,11,0,1
7,2,82,1214,210,5.23,154,30,0,0,1,1,0
7,2,82,1215,309,5.09,94,12,0,2,2,0,0
7,2,82,1212,140,5.34,109,25,0,2,4,0,0
7,2,82,1216,244,5.34,109,8,0,2,2,0,0
7,1,96,1472,578,5.38,443,106,0,11,18,0,0
7,2,82,1217,277,5.03,155,37,0,5,1,0,0
7,2,82,1218,588,5.03,379,35,0,2,6,0,0
7,1,96,1467,430,5.17,365,52,0,8,5,0,0
7,2,82,1219,508,5.94,311,87,0,6,6,0,0
7,2,82,1221,225,5.93,162,25,0,2,1,0,0
7,2,82,1220,570,5.90,441,92,0,13,9,0,0
7,1,96,1473,377,5.12,317,42,0,0,8,0,0
7,1,96,1471,532,5.27,390,125,0,3,14,0,0
7,1,96,1468,588,6.02,442,128,0,7,11,0,0
7,1,96,1469,322,4.81,243,63,0,1,15,0,0
7,1,96,1470,622,5.41,416,181,0,2,19,0,0
7,1,96,1475,684,5.48,504,154,0,7,19,0,0
7,1,96,1474,601,5.25,507,66,0,15,12,0,1
7,1,96,1477,728,5.45,537,147,1,16,11,0,0
7,1,96,1481,652,4.73,476,162,0,2,11,0,1
7,1,96,1482,434,5.16,294,29,0,4,3,0,0
7,1,96,1485,448,5.72,275,137,0,7,4,0,1
7,1,96,1478,524,5.75,331,158,0,10,5,0,0
7,10,20,315,435,5.49,313,94,4,6,18,0,0
7,2,38,557,213,4.06,169,39,0,1,4,0,0
7,2,38,558,392,4.63,310,70,0,2,4,0,0
7,2,38,559,541,4.64,457,64,0,6,13,0,1
7,2,38,560,530,5.18,438,74,0,4,13,1,0
7,2,38,561,531,5.08,422,91,0,8,10,0,0
7,2,38,562,335,5.00,200,49,0,1,5,0,0
7,2,38,563,367,5.07,270,36,0,4,13,0,1
7,2,38,564,190,5.51,145,39,0,1,5,0,0
7,2,38,565,319,5.73,221,59,0,5,4,0,0
7,1,96,1465,459,5.10,291,134,2,1,8,1,0
7,1,96,1464,484,4.85,335,115,1,0,13,0,0
7,1,96,1466,381,4.64,235,88,2,2,11,0,1
7,1,96,1476,555,5.30,418,112,0,11,12,0,2
7,1,110,1914,135,5.37,114,20,0,0,1,0,0
7,1,110,1907,233,5.46,168,55,0,2,2,0,0
7,1,110,1913,369,4.63,306,54,0,0,8,0,1
7,1,110,1912,463,5.38,353,88,1,0,18,1,1
7,1,110,1911,464,5.35,373,70,1,1,10,1,0
7,1,110,1909,272,5.89,192,50,1,1,6,0,0
7,1,110,1910,342,5.15,261,68,0,0,6,0,0
7,2,38,556,496,4.78,357,109,1,6,20,1,0
7,4,5,44,782,4.16,594,145,2,6,32,1,0
7,1,100,1569,339,6.18,188,121,0,2,9,0,0
7,1,100,1570,384,5.76,254,113,0,7,5,0,0
7,1,100,1571,583,6.13,388,135,0,18,2,0,0
7,1,100,1579,551,5.41,420,101,0,19,6,0,1
7,1,100,1578,594,5.52,368,168,0,17,6,0,0
7,1,100,1572,659,5.55,467,141,0,19,20,0,0
7,1,100,1573,262,5.47,186,70,0,0,4,2,0
7,1,100,1576,345,4.84,239,88,0,3,12,1,0
7,1,100,1577,246,5.40,159,60,0,8,8,0,0
7,1,100,1574,417,5.23,318,67,1,18,3,0,0
7,1,100,1575,417,6.63,226,14,0,32,2,0,4
7,10,17,213,168,4.69,112,33,0,2,9,0,0
7,1,100,1568,548,4.88,378,132,1,11,22,0,3
7,4,73,1063,327,3.92,260,42,3,2,15,0,0
7,4,73,1064,313,4.50,235,57,0,1,18,0,0
7,4,73,1065,571,4.20,422,101,1,0,40,1,0
7,4,73,1066,439,3.89,339,58,1,3,33,0,0
7,4,73,1069,510,4.60,384,85,3,4,16,1,0
7,4,73,1067,304,4.49,222,62,0,3,16,0,0
7,4,73,1068,236,4.52,168,47,0,5,16,0,0
7,1,75,1083,434,5.38,318,95,0,3,17,0,1
7,1,75,1084,602,5.64,471,106,0,0,13,0,0
7,1,75,1086,310,5.79,251,52,0,1,6,0,0
7,1,75,1085,540,5.02,407,90,0,5,13,0,0
7,1,75,1087,691,5.04,552,125,0,7,7,0,0
7,1,75,1088,595,5.01,460,114,0,5,16,0,0
7,1,75,1089,414,4.80,307,85,0,2,8,0,0
7,1,75,1090,375,5.37,255,55,0,7,0,0,0
7,1,75,1091,307,4.86,234,59,0,5,9,0,0
7,4,43,621,473,4.22,306,100,19,0,43,5,0
7,2,82,1207,657,4.25,460,135,3,9,42,3,2
7,2,82,1208,633,4.35,447,129,1,5,46,1,2
7,2,82,1209,915,4.54,665,171,1,14,57,6,1
7,2,71,1045,431,5.47,321,87,0,0,23,0,0
7,2,71,1046,248,5.88,197,39,0,1,11,0,0
7,1,96,1484,709,5.27,490,192,0,8,13,0,0
7,1,96,1483,415,5.17,301,104,0,4,5,1,0
7,1,75,1082,576,4.67,412,136,0,6,22,0,0
7,10,20,296,382,4.28,270,54,0,2,45,1,0
7,1,96,1479,575,6.15,393,152,0,15,2,0,1
7,4,48,672,372,4.35,248,88,0,18,16,0,2
7,4,48,678,375,4.42,276,71,1,7,20,0,0
7,4,48,674,509,4.02,397,82,0,4,25,1,0
7,4,48,673,296,4.81,221,57,0,2,15,0,1
7,4,48,677,285,4.40,184,72,0,8,19,1,0
7,4,48,676,400,3.72,284,74,1,7,27,1,3
7,4,48,675,72,4.26,50,15,0,3,4,0,0
7,4,48,681,237,4.11,170,39,0,12,15,1,0
7,4,48,679,270,5.02,168,78,2,8,13,0,0
7,4,48,680,200,3.93,130,55,0,5,9,0,1
7,4,48,670,422,3.96,264,112,4,10,25,0,2
7,1,110,1902,950,4.04,612,207,10,6,73,8,1
7,1,110,1904,911,4.10,652,184,17,7,40,1,0
7,1,110,1905,460,4.20,312,105,10,2,28,3,0
7,1,110,1903,727,4.52,473,195,10,4,35,4,1
7,1,110,1906,756,4.49,519,166,12,3,51,2,0
7,2,22,332,793,4.70,711,38,0,7,35,0,0
7,2,22,333,578,4.87,494,26,0,3,38,0,1
7,2,22,335,580,4.77,501,22,0,2,43,0,0
7,2,22,334,566,4.73,508,20,0,5,27,0,0
7,4,68,996,317,4.08,204,80,3,13,15,1,1
7,4,68,1002,561,4.50,379,117,5,10,49,1,0
7,4,68,1003,315,3.89,200,83,3,14,14,1,0
7,10,17,197,472,4.92,329,108,11,2,20,1,0
7,4,68,1001,25,4.83,14,9,0,0,2,0,0
7,4,68,1000,377,5.13,235,119,2,10,9,0,1
7,4,68,999,324,4.94,210,87,2,7,17,0,1
7,5,23,339,471,4.75,400,42,0,4,25,0,0
7,10,17,220,239,3.73,186,40,0,1,7,0,0
7,5,23,357,395,5.81,305,67,0,3,19,0,0
7,5,23,356,283,5.06,218,49,0,2,14,0,0
7,4,68,1006,291,4.21,196,70,1,4,19,0,0
7,5,23,373,414,4.37,367,20,0,2,25,0,0
7,5,23,340,275,5.13,220,32,0,3,20,0,0
7,4,68,1005,49,5.30,28,16,0,3,2,0,0
7,5,23,341,637,4.47,494,73,0,7,63,0,0
7,4,68,1004,53,4.85,36,10,2,3,2,0,0
7,10,17,222,171,4.49,125,41,0,1,4,0,0
7,5,23,354,100,5.19,84,12,0,0,4,0,0
7,5,23,355,411,4.80,317,71,0,1,21,0,1
7,10,17,199,755,4.31,524,153,2,7,47,1,0
7,5,23,359,456,4.59,345,47,0,5,59,0,0
7,5,23,371,320,4.20,265,33,0,0,22,0,0
7,10,17,212,507,4.61,340,134,2,4,19,0,0
7,5,23,372,40,3.02,34,4,0,0,2,0,0
7,5,23,370,617,4.29,464,57,0,3,56,0,1
7,5,23,369,294,4.49,242,32,0,0,20,0,0
7,5,23,368,518,3.95,435,35,0,0,48,0,0
7,5,23,367,313,4.52,219,61,0,2,31,0,0
7,5,23,360,469,4.80,355,69,0,2,43,0,0
7,10,17,209,955,4.58,690,217,10,7,28,1,0
7,5,23,361,162,4.77,123,30,0,0,8,1,0
7,10,17,221,381,4.76,298,62,1,9,11,0,0
7,5,23,362,639,4.20,490,51,0,11,86,0,1
7,10,17,225,336,6.20,226,92,0,1,15,0,1
7,5,23,349,378,4.96,284,59,0,7,28,0,0
7,10,17,228,212,3.93,163,33,0,1,12,0,1
7,5,23,363,298,4.58,268,17,0,2,11,0,0
7,5,23,364,386,4.41,305,20,0,2,22,0,0
7,10,17,223,610,4.08,397,171,5,2,30,0,1
7,5,23,366,305,4.71,167,58,0,5,9,0,0
7,5,23,374,510,4.52,348,71,0,4,21,0,0
7,5,23,365,84,4.42,76,5,0,0,3,0,0
7,5,23,342,443,5.02,355,67,0,4,17,0,0
7,5,23,353,380,4.83,287,68,0,1,24,0,0
7,5,23,352,512,5.08,381,81,0,9,40,0,0
7,5,23,351,349,4.90,260,59,0,1,29,0,0
7,5,23,343,174,4.85,141,23,0,1,9,0,0
7,5,23,344,193,4.03,166,16,0,2,9,0,0
7,5,23,345,426,4.94,343,58,0,6,19,0,0
7,5,23,348,201,5.26,132,55,0,2,12,0,0
7,5,23,347,288,4.46,224,52,0,1,11,0,0
7,5,23,350,468,4.67,345,84,0,6,33,0,0
7,10,17,217,436,4.04,275,114,0,11,36,0,0
7,10,17,216,126,3.78,81,23,0,4,15,0,0
7,10,17,215,442,4.28,323,91,0,5,21,0,0
7,10,17,218,256,5.52,191,45,1,1,18,0,0
7,4,68,1007,355,4.82,243,95,5,1,10,1,0
7,10,17,226,174,5.93,125,37,2,2,8,0,0
7,10,17,229,317,4.67,239,62,0,3,12,0,0
7,10,17,230,449,4.23,278,10,0,3,31,0,0
7,10,17,231,316,3.82,205,92,2,0,17,0,0
7,10,17,227,66,4.92,47,17,0,0,2,0,0
7,10,17,233,349,4.63,235,83,0,0,29,1,1
7,7,51,714,662,4.57,416,34,21,3,52,2,1
7,10,17,232,355,4.89,248,89,0,0,17,1,0
7,7,51,713,581,4.07,382,127,17,4,50,1,0
7,7,51,715,279,4.69,206,60,0,1,12,0,0
7,7,51,716,389,4.01,260,100,6,1,21,1,0
7,7,51,712,358,4.09,232,89,6,0,31,0,0
7,7,51,711,100,4.27,66,25,1,1,5,1,0
7,7,51,701,528,3.68,321,134,12,2,53,2,0
7,7,51,708,411,2.71,253,95,14,2,47,0,0
7,7,51,707,141,3.60,84,40,3,2,12,0,0
7,7,51,703,380,4.22,232,97,16,1,32,1,1
7,7,51,717,477,4.46,307,126,18,4,21,1,0
7,7,51,706,549,5.33,356,153,11,2,26,0,1
7,7,51,705,347,4.70,222,91,2,3,29,0,0
7,2,26,385,0,0.00,0,0,0,0,0,0,0
7,2,26,386,0,0.00,0,0,0,0,0,0,0
7,2,26,387,502,5.28,414,63,0,4,7,0,0
7,2,26,388,328,5.41,257,55,0,0,2,0,0
7,2,26,390,518,5.74,242,69,0,4,9,0,0
7,2,26,389,148,5.78,106,29,0,2,4,0,0
7,2,26,391,676,6.02,446,122,0,1,11,0,0
7,2,26,393,236,5.62,178,27,0,2,7,0,0
7,2,26,394,645,5.57,375,89,1,1,16,0,0
7,2,26,395,323,5.46,216,34,0,9,15,0,0
7,2,26,401,527,5.65,344,95,0,6,16,0,0
7,2,26,400,360,4.67,238,55,0,3,5,0,3
7,2,26,399,401,5.47,300,66,0,4,14,0,0
7,2,26,398,94,6.07,74,16,0,3,1,0,0
7,2,26,397,419,5.63,281,59,0,1,14,0,0
7,5,39,568,369,5.13,260,84,0,5,19,0,0
7,5,39,569,157,5.15,113,33,0,8,2,0,1
7,5,39,570,421,5.45,311,79,0,16,12,0,2
7,5,39,576,343,5.43,251,73,0,6,10,0,3
7,5,39,566,332,5.10,232,74,0,9,16,0,1
7,5,39,575,364,5.17,271,64,1,3,16,0,1
7,5,39,571,357,6.22,252,82,0,15,1,0,1
7,5,39,572,310,5.78,202,45,0,9,7,0,0
7,5,39,573,187,6.11,135,39,0,7,5,0,1
7,5,39,574,457,5.50,343,72,0,10,8,0,0
7,2,49,683,178,6.45,141,29,0,3,2,0,0
7,2,49,684,315,5.69,261,47,0,0,3,0,0
7,2,49,685,566,4.89,449,58,0,3,17,0,0
7,10,46,651,476,4.82,301,0,0,8,31,0,1
7,2,49,686,684,5.57,450,91,0,2,13,0,0
7,10,46,650,322,3.39,209,84,0,1,27,0,1
7,2,49,688,217,5.96,149,36,0,0,4,0,0
7,2,49,687,295,5.71,221,29,0,1,4,0,0
7,10,46,649,326,4.08,222,72,0,3,29,0,0
7,2,49,690,319,5.35,199,35,0,0,10,0,0
7,10,46,648,257,4.07,198,40,0,1,17,0,0
7,10,46,647,409,4.40,289,93,0,2,23,2,0
7,10,46,646,216,4.78,155,46,0,2,13,0,0
7,10,46,644,539,4.38,401,94,0,4,40,0,0
7,2,49,691,287,5.55,224,50,0,0,9,0,0
7,10,46,642,441,4.27,326,86,1,6,22,0,0
7,10,46,645,162,3.82,113,37,1,1,9,0,1
7,4,73,1052,843,4.17,610,170,2,9,41,6,2
7,4,73,1053,372,3.22,228,79,2,0,59,4,0
7,4,73,1056,359,3.66,212,61,2,7,70,6,0
7,4,73,1058,367,4.02,246,92,4,2,21,1,0
7,4,73,1059,367,4.11,244,92,1,1,27,1,0
7,4,73,1060,534,4.26,351,142,5,2,33,1,0
7,4,73,1057,1141,4.06,819,210,13,5,88,3,1
7,4,73,1062,902,3.94,690,154,5,2,50,1,0
7,5,56,782,270,5.14,215,38,0,3,13,0,0
7,5,56,783,112,5.17,98,9,0,0,5,0,0
7,5,56,786,421,4.26,367,21,0,4,27,0,0
7,5,56,784,761,5.31,647,84,0,3,20,0,1
7,5,56,785,590,4.84,512,42,0,5,30,0,0
7,4,48,669,698,4.04,467,147,5,19,51,3,0
7,4,48,671,582,3.91,398,127,2,9,31,1,2
7,4,68,990,1020,4.42,659,290,5,12,50,1,1
7,4,68,991,392,4.26,264,93,1,1,22,6,0
7,4,68,992,648,3.73,409,136,10,6,76,5,2
7,4,68,993,277,3.76,174,70,3,3,23,3,1
7,4,68,994,238,3.63,154,49,3,2,23,3,1
7,4,68,995,914,4.24,594,229,15,3,55,12,0
7,2,66,981,326,5.89,220,63,0,1,7,0,0
7,2,66,982,636,6.27,437,104,0,0,3,0,0
7,2,66,980,546,6.21,390,77,0,6,2,0,0
7,2,66,983,415,5.27,271,35,0,1,3,1,0
7,2,66,984,413,5.91,301,83,0,1,8,0,0
7,2,66,979,672,5.27,522,118,0,4,19,1,1
7,10,46,661,317,3.95,226,69,0,0,21,1,0
7,10,46,652,537,4.66,385,126,0,1,23,0,0
7,10,46,657,303,2.58,194,85,1,0,23,0,0
7,10,46,654,375,4.32,262,85,0,3,24,0,0
7,10,46,653,356,3.69,231,70,0,3,52,0,0
7,10,46,655,341,3.69,223,72,0,4,42,0,0
7,5,111,1917,243,6.77,191,34,0,4,14,0,0
7,5,111,1918,336,5.14,269,42,0,2,18,0,1
7,5,111,1919,244,5.24,174,55,0,0,9,0,0
7,5,111,1920,584,5.34,495,59,0,4,26,0,0
7,5,111,1926,301,4.54,223,37,0,4,24,0,1
7,5,111,1928,237,7.07,179,30,0,0,8,0,0
7,5,111,1924,444,5.60,335,72,0,28,6,0,1
7,5,111,1925,500,5.35,398,83,0,5,14,0,0
7,5,111,1929,249,5.43,202,44,0,0,3,0,0
7,7,3,25,570,4.48,365,28,2,3,39,1,0
7,7,3,26,634,3.87,415,146,1,1,67,3,0
7,7,3,28,578,4.62,444,100,5,0,25,2,0
7,7,3,32,334,3.54,224,65,4,1,38,2,0
7,7,3,29,266,4.93,176,65,3,2,19,0,0
7,7,3,21,440,4.14,280,106,1,1,43,2,0
7,7,3,22,415,3.96,250,122,1,0,34,1,0
7,7,3,24,465,3.59,279,133,1,1,45,1,0
7,7,3,30,302,4.68,199,71,3,1,22,1,0
7,7,3,34,599,3.97,398,144,2,2,45,0,1
7,7,3,33,244,5.14,170,35,3,2,30,0,0
7,5,111,1915,364,5.02,281,58,0,0,23,0,0
7,5,111,1916,358,5.05,280,58,0,2,16,0,0
7,7,1,4,162,4.42,122,30,0,0,10,0,0
7,7,1,5,323,4.22,204,95,5,1,17,1,0
7,5,94,1439,399,5.30,280,94,0,12,11,0,0
7,5,94,1440,115,4.41,91,17,0,1,2,0,0
7,7,1,1,932,4.59,643,225,10,5,42,2,0
7,5,94,1441,373,5.13,285,76,0,2,10,0,0
7,7,1,6,547,4.42,386,121,1,5,33,1,0
7,5,94,1442,226,5.49,174,36,0,10,6,0,0
7,7,1,3,558,4.16,391,125,1,1,38,1,0
7,5,94,1443,380,4.88,281,77,0,8,13,0,0
7,5,94,1444,720,5.96,487,180,0,20,26,0,0
7,5,94,1445,388,6.62,285,92,0,0,7,0,0
7,5,94,1446,306,7.22,176,91,0,31,5,0,0
7,5,94,1447,718,6.34,480,201,0,11,15,0,1
7,5,94,1449,34,6.49,23,5,0,4,2,0,0
7,5,94,1450,699,5.71,459,65,0,28,15,0,1
7,5,94,1453,457,5.81,343,99,0,5,10,0,0
7,5,94,1438,342,5.59,235,76,0,15,8,1,1
7,5,94,1448,240,6.06,159,74,0,0,7,0,0
7,7,9,102,150,3.24,111,22,1,0,16,0,0
7,7,9,103,408,3.74,279,76,0,0,33,2,0
7,7,9,104,504,3.75,298,109,0,3,45,1,0
7,7,9,105,281,3.46,178,59,0,0,14,0,0
7,7,9,100,542,3.91,394,109,4,3,27,2,0
7,7,9,92,288,3.60,196,57,2,0,33,0,0
7,7,9,108,47,3.43,30,8,0,0,8,0,0
7,7,9,107,151,3.69,107,26,0,1,17,0,0
7,7,9,109,467,3.65,307,81,1,1,30,1,0
7,7,9,110,459,4.35,318,100,1,3,35,0,0
7,7,32,492,191,5.82,109,76,1,0,3,2,0
7,7,32,493,257,5.09,141,95,2,2,10,0,0
7,7,32,494,268,5.44,178,72,1,1,15,1,0
7,7,32,499,326,4.80,200,96,2,3,25,0,0
7,7,32,495,361,5.20,152,59,2,0,20,1,0
7,7,32,496,786,5.43,444,73,4,6,52,4,1
7,7,32,498,162,5.16,82,70,2,1,7,0,0
7,7,32,497,479,5.01,304,155,3,0,16,0,0
7,7,32,500,537,4.38,337,101,2,2,41,0,0
7,7,32,489,466,4.43,309,112,2,9,30,1,0
7,7,32,491,880,4.11,561,237,6,3,69,3,0
7,5,77,1153,388,4.87,322,34,0,3,29,0,0
7,5,77,1115,506,5.37,320,111,1,2,17,0,0
7,5,77,1130,705,4.71,495,145,1,3,39,1,0
7,7,9,97,425,3.71,254,123,1,1,45,0,0
7,7,9,96,398,3.46,231,105,13,0,33,6,0
7,5,77,1158,263,5.01,228,20,1,5,9,0,0
7,5,77,1159,369,4.71,301,28,0,3,12,0,0
7,5,77,1156,376,4.89,300,49,0,3,13,0,0
7,5,77,1155,415,5.51,311,72,0,6,18,0,0
7,5,77,1154,407,4.75,314,59,0,0,26,0,0
7,5,77,1160,524,4.99,415,75,0,5,15,0,1
7,5,77,1161,184,4.73,103,13,0,0,7,0,0
7,5,77,1162,170,5.40,154,12,0,1,3,0,0
7,5,77,1163,290,5.46,177,73,0,2,9,0,1
7,5,77,1164,99,5.24,80,11,0,1,7,0,0
7,7,107,1816,257,5.21,174,67,0,12,4,0,0
7,7,107,1817,288,4.97,178,84,3,5,14,1,0
7,7,107,1818,166,4.80,91,60,0,2,13,0,0
7,7,107,1819,239,5.11,155,56,4,3,20,0,0
7,7,107,1812,507,4.25,305,142,3,12,44,0,0
7,7,97,1503,205,3.79,138,45,0,0,22,0,0
7,7,97,1506,421,4.03,278,10,0,0,29,0,0
7,7,97,1504,375,3.96,274,67,2,2,28,0,0
7,7,97,1505,106,3.84,75,16,0,0,14,0,0
7,7,97,1490,744,3.83,474,197,10,3,54,3,1
7,7,97,1501,578,4.00,381,140,0,2,49,1,0
7,7,97,1510,731,4.10,532,146,1,1,50,1,0
7,7,97,1511,472,3.88,357,90,0,0,25,0,0
7,7,97,1487,568,3.52,356,125,4,1,73,8,0
7,7,97,1507,220,4.11,141,64,0,0,14,0,0
7,7,51,697,893,4.30,595,222,16,1,50,1,1
7,7,51,698,482,3.85,306,118,9,3,42,2,0
7,7,51,699,377,3.72,207,99,21,3,38,9,0
7,7,51,700,590,3.94,354,157,30,1,44,3,1
7,7,51,702,321,3.89,179,81,12,4,36,1,0
7,7,51,704,394,3.83,236,118,6,0,28,3,1
7,7,3,23,326,3.87,202,86,3,1,27,3,0
7,7,97,1527,323,5.06,220,76,0,4,18,1,0
7,7,97,1513,323,4.07,234,71,1,0,17,0,0
7,5,39,567,192,4.81,117,55,0,9,11,0,0
7,7,97,1528,244,3.65,137,70,1,1,24,0,0
7,2,22,331,278,4.95,233,14,0,1,15,0,0
7,7,97,1516,839,4.06,596,189,2,4,45,0,0
7,7,97,1515,427,4.31,318,89,0,0,18,0,0
7,5,23,336,288,4.62,208,37,0,6,18,0,1
7,5,23,337,352,4.42,263,51,0,2,30,1,0
7,7,97,1518,504,3.54,299,150,1,0,46,1,1
7,7,97,1514,295,3.53,215,44,2,0,32,1,0
7,7,97,1519,273,3.99,191,60,2,0,20,0,0
7,7,97,1526,199,3.63,154,34,1,2,8,0,0
7,7,97,1524,165,3.58,111,39,1,0,14,0,0
7,7,97,1523,463,3.95,251,76,0,3,24,1,0
7,7,1,2,672,4.32,433,183,9,1,36,3,1
7,7,107,1813,530,4.26,317,141,5,5,56,0,1
7,7,107,1815,788,4.18,493,209,17,4,51,3,0
7,7,107,1814,464,4.30,286,118,8,4,45,0,1
7,7,107,1820,191,4.29,134,37,2,2,15,0,0
7,7,107,1827,216,4.38,154,49,0,3,10,0,0
7,7,107,1826,381,4.91,276,74,3,6,22,0,0
7,7,107,1825,360,3.74,250,85,2,0,19,1,0
7,7,107,1821,651,4.48,437,160,7,8,34,0,0
7,7,107,1822,229,3.92,160,55,0,2,10,0,0
7,7,107,1824,186,5.35,114,50,6,6,9,1,0
7,7,107,1823,451,4.43,306,112,2,2,28,1,0
7,2,66,977,230,4.69,171,36,0,2,13,1,0
7,2,66,978,492,5.17,361,101,0,0,27,0,1
7,11,40,591,277,5.09,170,93,0,3,11,0,0
7,11,40,592,224,4.70,137,68,0,6,13,0,0
7,11,40,593,259,5.11,148,97,1,5,6,2,0
7,11,40,594,317,5.05,200,87,0,6,23,1,0
7,11,40,577,609,4.32,402,152,4,9,36,2,1
7,11,40,581,718,4.48,464,193,12,7,38,2,1
7,11,40,590,707,3.83,475,156,10,3,58,0,0
7,11,40,587,654,4.21,379,186,4,3,69,2,1
7,11,40,596,359,4.56,241,88,6,2,20,1,0
7,11,40,597,199,4.77,136,56,4,0,3,0,0
7,11,40,595,553,3.84,400,113,2,1,35,1,0
7,11,40,600,245,4.48,170,57,4,3,11,0,0
7,11,40,598,490,3.97,337,130,3,0,19,0,0
7,11,40,599,533,3.76,349,149,0,1,33,1,0
7,11,40,601,125,4.23,88,26,0,0,11,0,0
7,11,103,1757,241,4.40,146,70,5,0,19,1,0
7,11,103,1756,196,4.84,109,74,2,1,10,0,0
7,11,103,1758,281,5.42,176,81,1,6,17,0,0
7,11,103,1759,399,4.44,252,107,1,6,32,1,0
7,11,103,1760,119,4.22,70,39,0,8,2,0,0
7,11,103,1761,195,3.90,123,56,0,4,12,0,0
7,11,103,1762,273,3.83,151,87,0,4,30,1,0
7,11,103,1763,311,4.96,185,95,2,7,22,0,0
7,11,103,1764,599,4.35,402,16,9,0,39,0,0
7,11,103,1766,291,4.51,200,68,5,0,17,0,1
7,11,103,1765,334,4.41,199,83,21,1,30,0,0
7,11,103,1768,137,4.21,90,36,2,0,9,0,0
7,11,103,1767,317,4.37,202,85,2,5,20,2,1
7,11,103,1769,373,4.87,245,92,5,1,29,0,1
7,11,103,1770,752,4.31,497,180,19,2,52,0,0
7,11,37,544,138,5.72,77,51,1,3,5,1,0
7,11,37,545,332,4.50,198,112,1,3,17,0,0
7,11,37,546,521,4.93,312,170,2,6,29,1,0
7,11,37,540,512,4.36,335,141,2,7,25,1,1
7,11,37,549,179,5.24,107,64,1,0,7,0,0
7,11,37,543,441,4.04,309,96,2,9,23,0,0
7,11,37,542,457,4.52,310,111,4,9,23,0,0
7,11,37,550,164,4.37,101,49,1,1,12,0,0
7,11,37,551,73,4.18,58,10,0,2,3,0,0
7,11,37,552,835,4.13,595,185,6,7,40,1,0
7,11,37,547,451,3.32,286,115,4,0,45,0,1
7,11,37,554,482,4.65,305,135,2,4,36,0,0
7,11,54,775,226,3.88,155,51,1,6,13,0,0
7,11,54,768,189,3.58,135,35,2,2,15,0,0
7,11,54,776,301,2.77,209,61,1,2,16,0,0
7,11,54,774,482,4.13,318,118,3,1,38,2,0
7,11,54,770,248,3.88,155,74,4,0,13,2,0
7,11,54,771,275,4.88,203,48,3,4,16,1,0
7,11,54,772,605,4.41,421,135,2,4,41,0,2
7,11,54,765,802,4.07,483,230,12,3,65,2,0
7,11,54,766,640,3.70,405,158,7,7,57,2,0
7,11,54,767,679,3.85,453,169,4,5,40,1,0
7,11,54,777,316,4.37,204,76,0,2,24,1,0
7,11,54,778,263,3.41,170,74,0,1,18,0,0
7,11,54,779,209,3.95,157,39,1,0,12,0,0
7,5,77,1120,987,4.66,627,205,3,1,29,2,1
7,5,77,1136,661,4.80,426,160,2,4,40,1,0
7,5,77,1137,599,4.37,375,151,3,2,32,3,1
7,5,77,1119,567,4.56,399,99,0,0,10,0,0
7,5,77,1121,1077,4.53,647,212,9,6,67,8,1
7,5,77,1122,622,4.31,324,152,13,0,49,11,0
7,5,77,1123,439,4.08,195,119,4,1,53,12,0
7,5,77,1117,935,4.51,573,204,8,4,50,4,1
7,5,77,1118,353,5.31,215,84,0,3,9,0,0
7,5,77,1134,357,3.94,155,69,2,1,33,8,0
7,5,77,1135,550,3.89,287,107,11,0,59,12,0
7,5,77,1138,307,3.79,149,71,4,3,30,10,0
7,5,77,1139,273,3.66,140,77,7,1,29,9,1
7,5,77,1140,146,3.66,60,24,2,1,20,3,0
7,5,77,1147,348,4.01,223,97,1,0,19,1,0
7,5,77,1116,875,4.90,556,216,5,2,37,7,0
7,7,69,1011,694,3.91,396,189,10,9,67,7,0
7,7,69,1014,1293,4.19,858,334,12,5,70,4,0
7,7,69,1023,162,4.24,90,50,0,4,18,0,0
7,5,77,1125,902,4.77,561,221,5,1,49,5,1
7,7,69,1008,643,4.03,389,192,11,6,42,2,0
7,7,69,1017,531,3.88,371,92,1,13,52,0,2
7,5,77,1113,1298,4.57,856,226,11,4,64,7,1
7,7,69,1019,375,3.65,247,87,2,1,36,1,0
7,7,69,1015,202,3.88,129,50,1,6,16,0,0
7,5,77,1126,531,4.01,319,129,6,4,35,4,4
7,7,69,1016,381,4.12,257,81,1,0,42,0,0
7,5,77,1124,448,4.03,222,118,3,1,32,7,0
7,7,69,1018,606,3.75,401,132,5,4,62,0,1
7,5,77,1133,385,3.61,196,93,3,2,47,11,0
7,5,77,1127,726,4.18,438,196,10,1,46,4,0
7,7,97,1499,1003,4.09,646,264,6,5,61,8,0
7,7,97,1500,390,3.53,216,126,4,1,42,0,0
7,7,97,1498,489,3.51,304,117,2,0,51,2,0
7,7,97,1497,375,3.86,244,95,1,0,30,0,0
7,7,97,1496,554,3.64,303,156,4,0,58,5,0
7,7,97,1495,348,3.33,172,107,1,0,47,2,0
7,7,97,1494,295,3.01,144,81,2,0,47,7,0
7,7,97,1493,390,3.54,221,110,5,0,45,2,0
7,7,97,1488,415,3.94,231,133,2,0,46,2,0
7,7,97,1491,424,3.47,237,130,3,0,41,8,0
7,7,97,1489,681,4.04,449,169,2,3,51,4,0
7,7,9,88,378,3.87,260,81,1,1,30,1,0
7,7,9,89,216,3.63,131,56,4,0,24,0,0
7,7,32,490,577,3.68,318,191,1,3,59,2,0
7,7,32,501,339,4.00,213,72,3,12,38,0,0
7,7,9,94,221,3.40,111,66,2,1,31,3,0
7,7,9,90,413,3.53,238,129,4,0,33,2,0
7,7,9,93,303,3.49,202,71,0,2,24,0,0
7,7,9,95,628,3.75,378,159,3,1,80,3,0
7,7,9,99,550,3.67,363,127,3,2,42,3,0
7,7,9,91,725,3.71,474,172,3,3,60,2,0
7,7,69,1021,535,3.83,355,120,2,10,45,1,0
7,7,69,1022,415,4.26,267,121,1,6,17,0,2
7,7,69,1024,356,4.38,228,105,1,11,10,1,0
7,7,69,1025,279,4.11,166,82,4,2,22,0,0
7,7,69,1031,315,4.25,217,75,1,1,21,0,0
7,7,69,1032,467,4.46,296,134,3,2,31,0,0
7,7,69,1030,439,3.99,276,10,2,3,26,0,1
7,7,69,1029,353,4.48,201,112,8,1,30,1,0
7,7,69,1028,509,4.26,306,149,4,1,44,1,1
7,7,69,1026,383,4.70,231,102,1,1,46,1,1
7,7,69,1027,134,4.34,87,38,1,0,7,0,0
7,7,69,1033,396,4.38,245,1,2,3,34,2,1
7,5,77,1149,621,4.33,412,141,2,11,41,5,0
7,5,77,1148,364,4.52,262,71,1,2,20,1,0
7,5,77,1150,1454,4.51,1042,260,12,15,85,1,0
7,5,77,1146,520,3.72,316,145,2,1,39,10,0
7,5,77,1141,340,3.53,211,87,0,1,27,6,0
7,5,77,1132,356,4.06,221,94,1,1,29,0,0
7,5,77,1129,890,4.15,544,202,12,0,60,6,0
7,5,77,1131,1839,4.10,1180,317,8,3,99,6,0
7,5,77,1142,772,3.97,518,154,7,7,38,7,2
7,5,77,1143,1750,3.99,1177,273,15,5,77,12,0
7,5,77,1144,1423,4.30,942,274,11,6,68,5,0
7,5,77,1151,2195,4.41,1552,430,13,14,98,7,0
7,5,77,1145,1007,4.14,661,185,3,21,67,9,5
7,11,40,580,312,3.99,180,98,4,2,26,2,0
7,11,40,589,932,3.98,619,207,4,5,90,3,0
7,11,40,578,559,4.86,339,159,11,2,32,3,0
7,11,40,579,450,3.92,244,149,4,4,38,2,1
7,11,40,584,604,3.75,326,194,3,0,64,9,0
7,11,40,585,368,3.98,197,115,9,5,32,7,0
7,11,40,586,652,3.72,397,177,6,7,53,3,0
7,11,40,588,357,3.88,182,126,5,4,34,2,0
7,11,40,583,291,3.67,155,109,3,1,21,0,1
7,11,40,582,222,3.71,120,73,1,2,24,0,0
7,11,15,170,266,6.21,171,79,0,3,13,0,0
7,11,15,171,165,5.62,109,49,0,0,7,0,0
7,11,15,172,142,5.44,86,47,0,1,7,0,1
7,11,15,177,159,5.32,88,64,0,0,6,0,0
7,11,15,175,286,4.49,187,83,1,0,15,0,0
7,11,15,176,468,4.05,274,0,1,2,21,0,0
7,11,103,1755,590,4.61,390,150,22,1,24,2,0
7,11,15,174,319,4.82,207,91,0,3,17,1,0
7,11,15,173,254,6.13,159,81,1,5,8,0,0
7,11,15,178,447,5.63,266,20,5,2,31,1,0
7,11,15,179,337,5.14,200,120,0,0,16,0,0
7,11,15,184,613,4.43,360,207,2,1,43,0,0
7,11,15,183,403,4.23,229,9,0,3,34,0,0
7,11,15,182,420,4.48,279,0,0,5,27,0,0
7,11,15,181,437,4.94,265,135,1,0,35,1,0
7,11,15,185,292,4.36,180,83,3,1,24,1,0
7,12,55,781,395,4.32,255,104,1,0,34,1,0
7,12,35,532,838,4.13,566,215,5,8,41,1,0
7,12,35,533,638,4.23,415,174,2,1,42,0,0
7,12,35,534,348,4.64,242,77,2,2,23,1,1
7,12,35,536,438,4.10,273,0,6,3,40,1,0
7,12,35,535,251,4.17,147,87,1,0,16,0,0
7,11,54,773,500,4.01,323,144,4,4,23,0,1
7,11,37,555,374,4.18,259,94,1,5,15,0,0
7,11,105,1779,368,5.42,222,118,2,4,20,2,0
7,11,105,1780,153,5.22,91,51,1,0,10,0,0
7,11,105,1782,308,4.77,189,106,0,0,13,0,0
7,11,105,1778,767,4.11,494,198,5,4,63,1,0
7,11,105,1783,218,5.37,133,62,1,3,19,0,0
7,11,37,541,586,4.33,400,149,2,2,32,0,0
7,10,8,76,379,5.43,248,0,0,1,5,0,0
7,10,8,77,597,5.05,279,96,0,13,17,0,0
7,10,8,78,613,5.28,402,171,0,12,28,0,0
7,10,8,79,544,5.12,127,44,0,0,9,2,0
7,12,88,1252,534,4.57,344,131,5,2,47,5,0
7,10,8,80,497,5.13,286,79,0,8,19,0,0
7,12,88,1253,270,4.37,170,71,0,0,28,0,0
7,10,8,85,114,4.38,59,12,0,0,8,0,0
7,12,88,1255,389,4.47,254,86,13,0,32,3,1
7,10,8,84,337,5.34,144,96,0,0,2,0,0
7,12,88,1256,296,4.19,205,55,1,2,30,1,0
7,5,95,1463,732,5.47,582,126,2,1,19,0,2
7,10,8,83,476,5.26,320,135,0,10,10,0,0
7,12,88,1257,395,4.54,278,84,4,1,27,1,0
7,10,8,86,285,4.65,205,63,0,1,16,0,0
7,12,88,1262,319,3.10,198,73,5,0,35,1,0
7,12,88,1261,244,5.17,159,60,6,1,16,1,0
7,10,8,81,122,5.27,69,40,0,0,1,0,0
7,10,8,82,395,4.78,198,94,0,11,7,0,0
7,10,8,87,392,5.69,217,96,0,2,7,0,2
7,5,95,1462,862,5.17,689,126,0,11,34,0,0
7,5,95,1459,690,5.04,532,75,1,10,32,0,0
7,5,95,1460,985,5.52,803,137,0,13,30,0,1
7,5,95,1461,279,5.24,234,39,0,0,6,0,0
7,5,95,1455,619,4.32,425,136,2,9,39,1,2
7,5,95,1458,442,4.23,283,96,0,2,36,0,0
7,5,7,70,637,4.89,366,58,0,8,20,0,0
7,12,101,1585,325,4.75,210,98,0,0,16,1,0
7,12,101,1586,442,4.37,286,25,0,3,27,0,0
7,12,101,1588,324,4.56,209,82,1,8,19,2,2
7,12,101,1587,340,4.59,224,80,2,1,28,2,0
7,12,101,1589,199,4.09,134,57,0,1,6,0,0
7,12,101,1590,382,4.43,227,32,1,0,17,0,0
7,12,101,1592,599,3.25,376,25,4,1,43,1,0
7,12,101,1594,580,3.73,383,2,3,1,17,0,0
7,12,101,1595,125,5.25,71,49,0,0,5,0,0
7,12,101,1596,221,4.95,138,73,0,0,9,0,1
7,12,101,1598,854,5.55,554,1,4,3,45,1,0
7,12,101,1597,7,4.38,5,2,0,0,0,0,0
7,12,101,1600,241,4.11,156,69,0,1,15,0,0
7,12,101,1601,269,4.09,187,63,1,3,15,0,0
7,11,37,553,640,4.07,423,163,4,3,44,2,1
7,11,90,1346,447,6.09,324,113,2,4,4,0,0
7,11,90,1345,226,6.62,147,71,1,1,6,0,0
7,10,8,73,593,4.69,379,168,6,4,31,0,0
7,11,90,1347,229,5.79,162,54,0,3,10,0,0
7,11,90,1348,76,5.76,54,20,0,0,2,0,0
7,10,8,72,482,4.29,315,121,7,5,20,0,1
7,10,8,74,371,5.13,238,101,4,2,16,1,0
7,11,90,1353,127,4.50,83,35,2,1,6,0,0
7,10,8,75,462,4.70,306,126,2,8,16,0,1
7,11,90,1349,148,4.61,93,50,1,0,4,0,0
7,11,90,1344,343,5.26,246,75,0,6,15,0,1
7,11,90,1350,193,5.73,133,50,0,7,3,0,0
7,11,90,1351,452,5.20,302,124,3,3,18,0,2
7,11,90,1357,153,4.51,109,31,2,1,9,1,0
7,11,90,1352,273,4.83,180,73,0,1,18,1,0
7,11,90,1356,181,4.07,113,43,0,3,21,0,1
7,11,90,1354,269,4.95,182,79,1,2,5,0,0
7,11,90,1355,184,4.45,117,48,0,1,18,0,0
7,11,90,1359,362,5.30,228,93,1,7,32,1,0
7,11,90,1360,383,4.67,249,116,1,4,12,0,1
7,12,90,1367,281,4.12,180,76,3,3,18,1,0
7,11,90,1358,342,4.15,229,90,1,1,21,0,0
7,11,90,1362,364,4.44,231,95,0,4,34,0,0
7,11,90,1361,317,3.91,200,92,4,3,17,0,1
7,12,90,1366,250,4.51,155,75,2,5,13,0,0
7,12,90,1365,243,4.09,149,66,1,1,26,0,0
7,12,90,1363,234,4.01,152,62,1,0,17,2,0
7,12,90,1372,257,3.86,178,63,1,1,14,0,0
7,12,90,1371,306,4.70,203,82,2,1,18,0,0
7,5,95,1454,666,4.73,514,109,4,11,27,1,0
7,5,95,1456,809,4.47,590,159,3,14,36,0,0
7,8,30,442,333,4.50,274,45,2,5,6,0,1
7,8,30,443,126,4.50,86,35,0,1,1,0,2
7,8,30,444,597,4.74,417,150,0,14,15,0,1
7,8,30,445,305,4.60,223,66,0,6,10,0,0
7,8,30,446,253,4.52,204,40,1,2,5,0,0
7,8,30,447,410,5.05,297,102,0,2,9,0,0
7,12,90,1364,217,4.29,125,77,1,1,13,0,0
7,12,90,1368,87,5.16,66,12,0,2,7,0,0
7,8,30,448,364,5.13,261,87,3,0,12,1,0
7,8,30,449,468,5.01,334,113,2,8,10,0,1
7,8,30,450,243,5.13,170,66,0,3,4,0,0
7,8,30,441,426,4.31,263,128,9,5,14,4,0
7,8,30,452,392,5.40,228,146,5,1,10,0,0
7,8,30,453,212,5.89,141,57,1,0,13,0,0
7,8,30,454,347,5.89,213,118,3,3,9,1,0
7,3,24,379,52,6.00,37,11,0,2,2,0,0
7,3,24,377,165,5.75,115,38,0,5,6,0,1
7,3,24,375,327,6.48,202,99,0,12,12,0,0
7,3,24,380,416,5.29,366,40,0,3,5,0,1
7,8,30,455,241,5.42,165,72,0,0,4,0,0
7,3,24,378,173,6.27,125,38,0,3,5,0,1
7,3,24,376,348,6.46,233,84,0,16,10,0,0
7,12,90,1373,466,3.35,295,0,0,1,38,1,0
7,12,90,1374,329,4.77,200,103,7,0,19,0,0
7,12,90,1375,192,4.76,135,48,0,0,8,1,0
7,12,90,1377,285,4.51,212,58,7,2,6,0,0
7,12,90,1380,240,4.08,169,49,3,1,17,0,0
7,12,90,1381,434,3.84,274,106,26,0,27,1,0
7,8,19,268,303,4.83,239,50,0,1,13,0,0
7,12,90,1385,377,2.85,267,75,5,0,25,2,0
7,8,19,269,176,3.72,153,17,0,0,6,0,0
7,12,90,1387,604,4.74,421,152,1,5,23,2,0
7,8,19,270,405,4.89,324,69,1,0,11,0,0
7,12,90,1392,144,4.96,96,41,1,0,6,0,0
7,12,90,1391,443,4.86,327,95,3,1,17,0,0
7,12,90,1390,385,3.73,253,101,5,0,25,1,0
7,8,19,271,349,5.13,268,66,0,2,13,0,0
7,12,90,1394,2,5.00,1,1,0,0,0,0,0
7,12,90,1393,539,4.58,344,138,4,1,50,2,0
7,12,90,1398,436,4.08,313,85,2,1,34,1,0
7,12,90,1389,297,4.29,201,79,2,0,15,0,0
7,8,19,274,135,4.56,104,25,0,0,6,0,0
7,12,90,1383,313,4.45,208,82,5,2,14,0,2
7,12,90,1384,724,4.23,481,42,14,3,41,3,0
7,12,90,1388,331,3.95,248,52,4,4,22,1,0
7,8,19,273,421,4.15,328,77,0,1,15,0,0
7,8,19,278,189,4.51,144,36,0,0,9,0,0
7,8,19,279,569,4.55,423,12,0,3,16,0,0
7,8,19,275,455,4.71,370,66,0,2,13,0,0
7,8,19,276,292,5.00,232,46,0,1,13,0,0
7,8,19,277,385,4.51,310,60,0,1,14,0,0
7,8,19,242,891,4.27,654,195,3,3,29,1,0
7,8,19,282,470,4.04,384,62,0,0,23,0,0
7,8,19,281,365,4.07,258,74,2,5,15,0,0
7,8,19,280,286,3.98,219,41,0,0,20,0,0
7,8,19,283,423,4.36,304,91,4,2,21,0,0
7,8,19,284,496,4.14,396,76,0,2,20,0,0
7,8,19,286,496,4.24,360,104,0,2,27,1,0
7,8,19,285,278,3.76,228,33,0,1,16,0,0
7,8,19,287,268,3.97,191,59,1,0,17,0,0
7,8,30,439,336,4.43,206,95,4,1,19,3,0
7,8,30,440,471,4.14,288,119,7,2,29,4,0
7,8,34,509,302,4.73,205,89,0,1,7,0,0
7,8,34,510,165,3.81,116,41,0,0,3,1,0
7,8,34,512,458,5.41,331,100,2,1,23,1,0
7,8,34,513,304,4.45,207,74,2,3,15,1,0
7,8,34,516,197,5.58,140,50,0,1,4,0,0
7,8,34,518,288,4.20,214,56,0,1,16,0,0
7,8,34,517,414,5.74,292,100,0,1,20,0,0
7,8,34,524,364,4.49,256,91,1,3,13,0,0
7,8,34,523,264,4.36,171,76,0,4,10,1,0
7,8,34,522,182,4.46,129,45,1,2,5,0,0
7,8,34,527,350,4.83,240,89,0,1,18,0,0
7,8,34,521,380,4.63,257,0,1,0,12,0,0
7,8,34,520,612,4.10,398,166,2,3,42,1,0
7,8,34,514,518,4.39,359,133,2,1,20,3,0
7,8,34,515,121,4.07,86,25,1,1,8,0,0
7,8,34,519,37,4.64,15,18,0,0,2,0,0
7,8,34,528,208,4.49,141,54,0,2,10,0,0
7,8,34,529,694,4.20,443,204,3,1,43,0,0
7,8,34,530,621,4.30,414,42,3,1,40,1,0
7,8,34,531,327,4.42,223,88,1,0,10,0,0
7,8,34,506,827,4.93,539,210,6,9,40,9,1
7,8,34,505,1162,4.56,752,317,9,22,52,7,1
7,8,34,526,299,5.42,221,64,0,6,8,0,0
7,8,34,525,274,4.61,169,95,0,6,4,0,0
7,8,34,504,894,4.54,576,223,11,11,50,16,0
7,8,34,507,1323,4.55,878,356,8,15,48,2,2
7,12,90,1399,437,4.58,317,94,4,0,21,1,0
7,12,90,1400,418,3.87,310,79,3,0,24,2,0
7,11,15,166,362,3.84,220,92,2,3,38,5,0
7,11,15,163,559,4.67,359,148,4,0,44,2,0
7,11,15,165,386,4.29,220,114,6,1,41,1,0
7,11,15,169,424,4.35,271,111,0,1,36,2,0
7,11,15,168,342,4.19,192,110,4,0,35,0,0
7,8,19,288,331,4.56,281,34,0,2,12,0,0
7,8,19,290,549,4.31,387,40,0,0,13,0,0
7,8,19,289,478,3.96,365,90,1,2,19,0,1
7,8,19,291,365,4.19,280,66,0,1,16,0,0
7,8,104,1774,261,4.32,226,26,0,0,9,0,0
7,8,104,1775,686,3.78,521,16,1,0,26,0,0
7,8,104,1776,556,3.96,441,85,0,5,25,0,0
7,8,104,1771,690,3.80,542,93,1,0,51,0,0
7,8,104,1773,371,3.67,263,49,0,2,24,0,0
7,8,104,1777,409,4.28,296,92,0,5,16,0,0
7,8,34,508,654,4.77,407,198,9,3,22,0,0
7,8,34,511,531,3.96,350,0,1,0,25,0,0
7,11,81,1192,247,6.02,170,70,0,2,5,0,0
7,11,81,1191,113,6.03,74,33,0,1,5,0,0
7,11,81,1195,364,6.88,247,95,1,8,9,1,0
7,11,81,1197,279,6.74,164,101,1,9,4,0,0
7,11,81,1196,277,5.26,185,68,4,11,8,1,0
7,11,81,1193,138,5.95,90,44,0,0,4,0,0
7,11,81,1194,384,5.35,267,102,2,4,6,0,0
7,11,81,1198,264,5.94,185,66,2,3,6,0,2
7,11,81,1199,316,5.59,200,103,3,0,10,0,0
7,11,81,1189,511,5.15,313,177,3,5,11,0,1
7,11,81,1190,595,5.07,356,205,7,7,15,1,0
7,11,81,1200,400,6.75,240,155,0,2,3,0,0
7,11,81,1201,277,6.45,180,90,0,3,4,0,0
7,11,81,1202,276,5.69,163,99,0,4,9,0,0
7,11,81,1203,356,6.18,225,122,1,1,7,0,0
7,11,81,1204,196,6.33,119,75,2,0,0,0,0
7,11,81,1206,373,6.64,246,108,0,15,2,0,1
7,11,81,1205,365,6.50,236,113,0,8,7,0,0
7,8,84,1228,390,4.55,304,60,6,1,9,0,0
7,8,84,1230,546,4.64,430,89,7,6,14,0,0
7,8,84,1229,245,4.64,203,32,2,0,6,1,1
7,8,84,1231,715,4.76,555,113,2,16,26,0,0
7,8,84,1232,342,3.99,259,58,0,0,25,0,0
7,11,36,537,480,5.88,269,165,2,3,14,0,0
7,11,36,538,280,5.20,168,90,0,1,7,0,1
7,11,36,539,344,6.22,195,138,0,2,9,0,0
7,11,10,114,494,5.87,343,131,0,6,11,0,0
7,11,10,115,375,5.27,285,76,0,4,10,0,0
7,11,53,761,181,5.98,115,60,0,1,5,0,0
7,11,53,762,283,6.00,183,89,0,1,10,0,0
7,11,53,760,409,5.03,246,135,1,0,21,1,1
7,11,53,763,220,5.32,132,82,0,0,6,0,0
7,11,53,764,197,4.94,111,77,0,1,7,0,0
7,11,6,54,437,5.43,275,145,2,2,12,0,0
7,11,6,66,593,5.25,404,62,0,0,23,0,0
7,11,6,64,400,5.43,279,115,0,2,4,0,0
7,11,6,67,379,6.29,264,99,0,2,13,0,0
7,11,6,65,467,5.78,312,135,0,0,20,0,0
7,11,6,55,288,5.63,181,88,1,1,11,0,0
7,11,6,56,361,4.88,251,89,1,3,17,0,0
7,11,6,57,428,6.29,278,7,2,1,29,1,0
7,11,6,58,92,4.21,49,34,0,0,9,0,0
7,11,6,59,353,5.03,256,89,0,0,8,0,0
7,11,6,62,367,3.80,232,0,2,0,31,0,0
7,11,6,63,174,6.71,109,53,1,1,10,0,0
7,3,4,37,863,5.01,569,135,0,3,22,2,0
7,11,70,1034,607,5.27,337,212,0,14,16,0,0
7,11,70,1038,325,6.81,180,121,0,2,8,0,0
7,11,70,1035,433,6.66,235,165,0,9,5,0,0
7,11,70,1036,251,6.38,138,97,0,6,3,0,0
7,11,70,1037,303,6.64,173,109,0,5,5,0,0
7,11,57,795,255,5.80,174,73,0,2,6,0,0
7,11,57,797,500,6.20,348,138,0,5,9,0,0
7,11,57,796,270,5.12,172,82,0,2,14,0,0
7,11,57,787,352,4.91,243,89,3,2,10,0,0
7,11,57,790,410,4.76,275,110,0,4,19,1,0
7,11,57,794,471,4.74,330,119,3,2,17,0,0
7,11,57,791,389,4.63,276,92,0,8,13,0,0
7,11,57,803,193,5.70,137,52,0,1,3,0,0
7,11,57,804,208,4.89,135,64,0,1,8,0,0
7,11,57,805,232,5.83,158,69,0,1,4,0,0
7,11,57,802,520,5.24,346,146,2,4,20,1,1
7,11,57,798,276,5.85,166,94,2,3,11,0,0
7,11,57,800,257,5.79,142,95,5,1,14,0,0
7,11,57,807,200,4.06,124,64,0,3,8,1,0
7,11,57,801,267,4.99,203,57,0,0,7,0,0
7,11,57,806,936,5.57,610,135,25,9,35,1,0
7,11,57,810,416,5.66,273,125,4,4,10,0,0
7,11,57,811,334,5.29,224,93,1,2,14,0,0
7,11,57,812,286,6.37,200,78,1,2,5,0,0
7,11,57,813,255,5.48,179,60,1,3,12,0,0
7,11,57,809,680,5.75,421,215,14,5,23,2,0
7,11,57,808,537,5.20,339,144,19,5,27,0,0
7,8,41,602,695,4.11,560,101,1,4,27,0,1
7,8,41,604,648,4.06,529,108,0,1,10,0,0
7,8,41,607,566,4.02,453,79,0,11,23,0,0
7,8,41,606,507,4.49,379,105,0,6,16,0,0
7,8,41,608,890,5.48,677,195,0,1,11,0,0
7,8,41,609,421,5.68,261,103,1,5,7,1,0
7,8,41,611,268,5.97,200,52,0,3,4,0,0
7,8,41,610,451,6.61,330,108,0,4,8,0,0
7,8,41,613,522,6.05,356,116,0,2,9,0,0
7,8,11,120,251,3.20,152,87,0,0,12,0,0
7,8,11,121,364,4.07,223,19,0,2,20,0,0
7,8,11,117,262,5.33,168,83,0,2,8,0,0
7,8,11,118,117,4.77,76,39,0,0,2,0,0
7,8,11,119,93,4.32,58,31,0,0,4,0,0
7,8,11,125,100,7.62,57,41,0,0,2,0,0
7,8,11,126,264,6.48,166,96,0,0,2,0,0
7,8,11,127,194,6.95,113,74,0,5,2,0,0
7,8,11,124,228,5.24,120,99,1,1,7,0,0
7,8,11,128,445,5.45,281,154,0,1,9,0,0
7,8,11,129,148,5.95,102,44,0,1,1,0,0
7,8,11,123,314,4.91,207,84,0,5,18,0,0
7,8,11,122,210,6.96,125,71,1,4,8,1,0
7,8,41,603,411,4.18,316,61,0,3,30,0,0
7,8,41,616,523,4.28,432,59,0,14,17,0,0
7,8,41,615,570,4.11,503,45,0,7,13,0,2
7,8,99,1546,318,6.37,213,95,0,2,8,0,0
7,8,99,1545,356,4.99,250,97,0,2,7,0,0
7,8,99,1544,543,4.51,430,86,0,9,18,0,0
7,8,99,1542,468,7.24,281,2,0,1,9,0,0
7,8,99,1541,507,4.42,344,0,0,3,8,0,0
7,11,57,788,304,4.25,186,94,1,2,15,4,0
7,8,99,1551,367,4.13,235,8,0,4,8,0,0
7,11,57,793,624,4.56,392,173,4,6,35,1,0
7,11,57,792,522,4.59,322,162,4,5,25,1,1
7,8,99,1540,344,4.12,221,108,0,4,11,0,0
7,8,99,1552,501,4.64,307,4,0,10,4,0,0
7,8,99,1550,250,4.32,185,61,0,1,3,0,0
7,8,99,1560,200,4.49,113,76,0,2,9,0,0
7,8,99,1539,503,4.06,348,132,0,2,21,0,0
7,8,99,1538,356,3.49,300,48,0,0,8,0,0
7,8,99,1537,403,4.65,292,93,0,2,16,0,0
7,8,99,1533,344,4.39,247,68,3,2,23,0,0
7,8,99,1555,256,3.82,208,36,0,0,12,0,0
7,8,99,1557,389,4.21,317,58,0,4,8,2,0
7,8,99,1553,208,3.49,153,46,0,0,9,0,0
7,8,99,1558,351,3.63,274,64,0,1,12,0,0
7,8,99,1559,489,4.44,313,12,0,1,11,0,0
7,12,90,1267,1053,4.20,707,257,6,3,57,2,0
7,12,90,1269,439,4.08,245,133,9,3,28,3,0
7,12,90,1271,532,4.14,319,147,9,2,38,1,0
7,12,90,1275,514,3.87,315,129,15,3,35,3,0
7,12,90,1277,573,3.66,327,154,20,2,50,5,0
7,12,90,1278,476,3.69,260,139,10,1,50,3,0
7,12,90,1284,242,3.20,114,70,3,1,37,5,0
7,12,90,1285,297,3.65,156,83,7,0,37,5,0
7,12,90,1272,421,4.30,234,128,15,4,26,1,0
7,8,99,1561,62,5.11,40,20,0,0,2,0,0
7,12,90,1300,218,3.69,128,60,7,1,21,1,0
7,8,99,1562,599,4.79,413,6,1,0,34,0,1
7,12,90,1287,141,4.02,79,42,1,0,16,1,1
7,12,90,1301,172,3.80,88,57,2,1,19,1,0
7,12,90,1304,345,4.03,181,114,5,1,28,4,0
7,8,99,1563,78,4.43,52,25,0,0,0,1,0
7,12,90,1320,163,3.93,79,49,3,1,26,1,1
7,8,99,1564,618,4.75,424,176,0,0,17,0,0
7,8,99,1565,470,5.04,306,149,2,1,12,0,0
7,12,90,1324,349,3.57,183,108,2,3,42,7,1
7,12,90,1319,192,3.49,108,57,5,0,20,1,0
7,8,99,1566,360,4.88,237,106,3,1,9,0,0
7,12,90,1336,950,3.87,566,221,12,0,82,28,0
7,12,90,1270,1670,4.06,1061,472,8,8,99,6,0
7,12,90,1276,741,4.16,500,154,13,3,42,5,0
7,12,90,1279,460,3.71,237,143,3,10,36,3,1
7,12,90,1280,822,4.27,521,226,14,0,40,3,1
7,12,90,1283,302,3.54,147,96,6,1,37,6,0
7,12,90,1282,482,3.69,258,138,1,1,59,3,0
7,12,90,1292,349,3.58,212,87,5,0,42,1,0
7,12,90,1291,286,3.39,149,83,6,3,32,4,2
7,12,90,1297,278,3.40,162,75,1,0,37,3,0
7,12,90,1298,170,3.56,84,56,0,1,18,5,0
7,12,90,1289,177,3.60,86,54,2,1,24,6,0
7,12,90,1288,118,4.00,49,42,2,0,12,2,1
7,12,90,1299,138,3.33,66,40,4,0,19,3,0
7,12,90,1305,175,3.17,68,59,5,0,30,7,0
7,12,90,1306,239,3.65,120,74,4,2,24,4,2
7,12,90,1316,185,3.22,96,51,1,0,31,2,1
7,12,90,1317,225,3.39,118,60,5,1,27,4,0
7,12,90,1308,216,3.64,123,68,3,0,16,2,0
7,12,90,1307,378,3.32,189,95,7,2,50,8,5
7,12,90,1309,346,3.65,205,93,8,4,32,1,0
7,12,90,1318,157,3.89,93,42,5,0,14,2,0
7,12,90,1315,287,3.58,154,77,4,0,46,5,0
7,12,90,1314,316,3.71,173,91,5,2,33,6,0
7,12,90,1325,353,3.80,214,102,3,0,31,1,0
7,12,90,1326,427,3.60,240,120,2,1,45,6,0
7,12,90,1313,421,3.65,248,111,8,0,46,6,0
7,12,90,1311,834,3.77,522,179,2,5,46,13,0
7,12,90,1310,432,3.71,261,113,4,1,46,3,0
7,12,90,1402,18,4.06,9,5,1,0,3,0,0
7,12,90,1293,563,4.21,341,167,2,3,27,4,0
7,12,90,1294,678,3.92,396,214,8,4,37,7,0
7,4,12,136,1098,4.53,850,195,3,4,45,1,0
7,12,90,1290,251,3.37,111,81,6,2,37,7,0
7,8,11,116,289,5.22,193,86,0,3,7,0,0
7,8,99,1547,258,6.08,196,57,0,1,4,0,0
7,8,99,1548,275,5.26,190,78,0,4,3,0,0
7,8,99,1549,250,5.62,202,45,0,1,2,0,0
7,12,90,1330,460,3.69,291,125,6,3,31,1,0
7,12,90,1329,902,3.86,584,216,8,4,39,8,0
7,12,90,1331,433,3.74,262,135,5,0,24,3,0
7,12,90,1328,423,3.84,281,98,2,0,35,4,0
7,2,92,1408,301,3.86,202,64,0,3,28,1,0
7,2,14,155,502,4.48,436,34,0,10,16,0,2
7,2,14,156,413,4.26,339,42,0,10,17,0,0
7,12,90,1332,1066,3.99,682,265,9,13,46,2,0
7,12,90,1339,803,4.10,472,255,6,6,47,3,1
7,12,90,1341,596,4.21,379,166,5,3,31,0,0
7,12,90,1343,1220,4.12,834,310,3,8,63,2,0
7,12,90,1337,668,3.91,413,192,6,1,41,2,0
7,3,59,866,284,5.57,181,63,1,10,2,0,0
7,3,59,839,783,5.63,644,90,0,20,24,0,0
7,12,90,1403,6804,4.09,4258,1551,67,25,377,42,1
7,12,90,1378,670,4.28,453,161,6,2,41,2,0
7,12,90,1379,478,4.25,296,129,8,3,37,4,0
7,3,64,927,258,5.87,196,57,0,1,4,0,0
7,3,64,928,354,6.30,247,96,0,3,8,0,0
7,12,90,1370,558,4.01,323,176,8,1,49,1,0
7,12,90,1401,4,4.50,4,0,0,0,0,0,0
7,12,90,1396,383,3.90,261,90,1,2,28,1,0
7,12,90,1397,1096,4.13,778,226,6,0,78,2,2
7,12,90,1395,557,3.83,381,127,3,1,43,1,1
7,11,105,1784,496,4.28,277,175,6,0,36,1,0
7,11,105,1785,325,4.38,166,131,5,0,23,0,0
7,3,4,36,650,5.14,392,87,2,3,24,2,0
7,3,59,865,465,5.67,328,92,0,19,3,0,1
7,12,101,1581,338,4.25,199,113,4,0,22,0,0
7,12,101,1580,168,4.17,93,51,2,3,16,2,0
7,12,101,1583,427,4.15,278,110,4,10,19,4,1
7,5,111,1921,292,4.85,245,27,0,1,19,0,0
7,5,23,346,409,4.66,332,43,0,3,31,0,0
7,12,101,1582,312,4.07,177,114,2,1,17,1,0
7,12,101,1584,322,3.93,192,90,4,2,28,3,0
7,7,9,112,544,3.77,346,127,1,2,60,0,1
7,3,59,817,669,3.97,431,150,7,7,56,10,2
7,3,59,816,2088,4.68,1378,518,12,13,92,10,1
7,5,77,1128,1625,4.59,1130,321,8,8,55,8,1
7,12,88,1263,335,4.58,226,82,5,1,20,0,0
7,12,88,1247,517,4.26,316,156,4,7,29,2,0
7,12,88,1249,667,4.11,423,165,14,1,45,4,1
7,12,88,1248,395,4.33,190,142,10,5,37,4,0
7,12,88,1251,619,4.28,360,170,12,5,47,6,0
7,12,88,1250,694,4.04,396,197,19,1,67,6,1
7,2,13,144,763,4.35,553,167,2,2,32,4,0
7,2,13,145,774,4.41,562,162,5,1,35,2,1
7,2,13,146,431,4.21,301,93,0,4,23,3,1
7,12,88,1260,445,3.97,263,113,4,2,54,3,0
7,10,17,208,756,4.70,522,161,35,4,29,1,1
7,10,17,202,490,4.30,298,129,27,2,32,0,0
7,10,17,203,521,4.43,329,114,41,2,32,0,1
7,10,17,198,334,3.89,184,107,3,2,32,1,0
7,10,17,201,332,3.90,184,100,4,3,28,2,0
7,10,17,204,372,3.74,216,108,3,2,33,1,1
7,10,17,200,705,4.04,466,172,4,1,52,2,0
7,10,17,205,508,3.79,312,137,10,0,38,1,1
7,10,17,206,610,4.09,385,165,3,1,39,4,0
7,10,17,207,763,4.29,494,195,29,5,36,0,0
7,10,17,210,515,4.21,326,145,5,0,24,1,0
7,10,17,211,925,4.48,595,242,6,9,58,0,0
7,10,108,1833,673,4.24,493,137,1,2,40,0,0
7,10,46,660,327,3.64,212,82,0,1,30,2,0
7,10,46,658,485,3.41,305,0,1,2,44,0,0
7,10,46,641,534,4.03,347,137,1,4,42,0,1
7,10,46,639,670,3.85,450,146,2,20,49,2,1
7,10,46,640,442,3.86,277,118,0,2,40,1,3
7,7,97,1509,787,4.13,536,177,2,5,53,1,1
7,5,7,68,495,4.34,347,55,1,4,24,0,0
7,7,97,1521,559,3.90,356,155,1,4,41,0,0
7,10,46,659,349,3.72,221,89,0,1,38,0,0
7,7,97,1520,542,3.97,330,161,3,3,42,2,0
7,7,97,1502,835,4.04,567,201,2,0,51,1,0
7,8,41,612,621,4.55,442,157,0,2,11,0,0
7,8,41,614,562,4.35,400,137,0,5,20,0,0
7,8,99,1567,184,4.45,129,55,0,0,0,0,0
7,8,99,1543,629,4.45,443,169,0,1,16,0,0
7,7,69,1009,344,3.79,176,114,8,2,41,2,0
7,7,69,1010,787,3.90,486,207,18,4,57,12,2
7,7,69,1013,199,4.06,122,57,3,5,10,1,1
7,7,69,1012,360,3.73,212,113,4,0,27,0,0
7,8,99,1532,138,4.44,106,23,2,0,7,0,0
7,8,99,1534,359,4.13,271,63,2,0,22,0,1
7,8,99,1535,426,3.90,319,78,0,3,26,0,0
7,8,19,239,1157,4.32,849,221,6,6,48,5,0
7,8,19,240,729,3.83,516,137,6,6,46,6,0
7,8,19,241,289,3.74,180,74,1,0,22,6,1
7,8,19,243,423,4.25,277,112,4,2,21,3,0
7,8,19,244,1225,4.55,921,233,1,13,47,0,3
7,8,19,245,375,3.86,197,125,3,3,24,6,0
7,8,19,246,363,3.74,209,99,2,1,38,5,1
7,8,19,247,388,3.61,222,84,2,3,30,7,5
7,8,19,249,883,4.00,667,149,6,0,37,3,0
7,8,19,250,464,3.56,298,100,3,8,19,3,0
7,8,19,251,378,3.64,203,107,5,4,24,4,2
7,8,19,252,152,3.67,85,43,1,0,12,7,1
7,8,19,253,223,3.61,119,60,1,2,22,5,1
7,8,19,254,459,4.04,239,140,3,13,28,0,0
7,8,19,256,730,4.24,507,157,8,1,26,1,0
7,8,19,257,744,3.93,501,180,4,3,36,2,3
7,8,19,258,275,3.60,149,83,2,2,21,2,2
7,11,10,113,356,4.83,222,89,0,5,8,0,0
7,8,19,259,777,3.89,512,191,5,3,31,2,0
7,8,19,261,917,4.04,620,218,4,2,37,6,1
7,8,19,262,1044,4.23,732,240,4,11,39,2,3
7,8,19,263,741,4.09,531,160,2,4,37,3,0
7,8,19,264,946,4.37,672,179,10,13,28,0,1
7,8,19,265,867,4.25,636,169,7,5,46,3,0
7,8,19,266,1517,4.31,1136,291,3,5,60,3,1
7,8,19,267,307,4.41,222,62,3,8,11,0,0
7,8,104,1772,221,4.07,155,45,1,0,8,0,0
7,12,88,1259,557,4.32,326,158,8,9,49,2,0
7,8,41,605,448,4.79,363,70,0,7,8,0,0
7,11,37,548,599,4.14,376,174,1,7,35,0,1
7,2,26,384,506,4.97,350,114,0,1,23,1,0
7,7,9,106,531,3.65,312,5,1,3,55,0,0
7,12,88,1258,453,4.20,272,126,9,0,43,2,0
7,1,50,693,383,3.73,254,92,0,6,30,1,0
7,1,50,695,277,3.68,206,51,0,0,18,0,0
7,10,109,1890,749,3.83,589,109,0,0,51,0,0
7,10,109,1895,516,4.90,402,90,2,1,21,0,0
7,10,109,1898,571,4.87,410,2,0,1,23,0,0
7,10,109,1894,543,4.29,399,114,0,1,29,0,0
7,10,109,1889,260,3.67,196,51,0,0,13,0,0
7,10,109,1880,301,4.36,234,52,0,0,15,0,0
7,10,109,1888,502,3.77,397,63,2,4,36,0,0
7,10,109,1899,289,3.65,207,66,2,1,13,0,0
7,10,109,1901,749,4.19,582,126,1,0,40,0,0
7,10,109,1881,541,4.09,365,133,0,3,39,1,0
7,10,109,1882,586,4.08,390,156,0,1,39,0,0
7,10,109,1875,130,3.98,104,18,1,0,7,0,0
7,10,109,1879,374,4.26,269,81,2,3,18,0,1
7,10,109,1872,377,3.88,280,70,1,1,25,0,0
7,10,109,1876,302,4.61,242,45,0,0,15,0,0
7,10,109,1874,560,3.76,459,78,0,3,19,0,0
7,10,109,1883,871,3.93,626,51,4,1,46,1,0
7,10,109,1900,217,4.15,167,37,0,0,12,1,0
7,10,109,1893,32,3.73,23,8,0,0,1,0,0
7,10,109,1887,233,4.19,182,35,1,2,13,0,0
7,10,109,1896,483,4.10,342,101,0,0,39,1,0
7,10,109,1891,421,4.33,306,91,0,2,21,1,0
7,10,109,1892,485,4.40,344,108,0,2,31,0,0
7,10,109,1856,794,4.11,578,149,7,3,51,3,1
7,10,109,1873,273,3.75,213,41,0,1,18,0,0
7,10,109,1897,457,4.89,356,74,0,1,25,0,0
7,10,109,1878,442,4.30,338,61,0,9,28,0,3
7,10,109,1884,490,3.82,380,85,0,2,23,0,0
7,10,109,1863,671,4.14,461,141,4,4,56,4,0
7,10,109,1885,503,4.39,394,88,1,0,20,0,0
7,10,109,1877,422,4.06,313,72,1,4,30,0,1
7,10,109,1866,385,4.52,269,98,1,0,13,2,0
7,10,109,1886,567,4.39,406,131,1,3,23,1,0
7,10,109,1857,392,4.07,247,109,8,4,21,3,0
7,10,109,1860,588,3.94,381,137,10,1,41,8,0
7,10,109,1859,532,4.18,358,128,2,2,25,4,0
7,10,109,1861,228,3.52,110,74,2,1,26,6,0
7,10,109,1865,419,3.60,220,131,4,2,39,3,1
7,10,109,1862,368,3.90,203,112,5,3,32,7,0
7,10,109,1864,472,3.71,285,113,4,0,51,9,0
7,10,109,1868,537,3.75,322,145,7,2,52,7,0
7,10,109,1867,718,4.21,484,180,6,0,42,3,0
7,10,109,1870,476,4.21,331,119,0,0,22,0,0
7,10,109,1869,567,3.75,353,143,7,1,55,7,0
7,10,109,1871,1389,4.26,988,320,12,7,55,4,0
7,3,52,720,733,4.64,545,149,1,1,26,0,0
7,3,52,718,447,4.02,336,71,0,2,25,1,1
7,3,52,719,953,4.21,708,189,1,2,37,0,0
7,3,52,722,888,4.46,685,158,3,0,34,1,0
7,3,52,721,861,4.35,627,183,2,0,36,0,0
7,4,12,133,577,4.33,414,125,1,1,31,1,0
7,7,97,1529,0,0.00,0,0,0,0,0,0,0
7,7,97,1492,455,3.81,260,133,3,1,54,2,0
7,7,97,1486,428,3.60,299,81,1,0,36,4,0
7,7,97,1512,603,4.45,459,122,0,1,20,0,0
7,11,15,164,953,4.48,630,250,7,1,58,3,0
7,11,15,167,483,4.39,306,132,6,1,32,0,0
7,8,19,292,21,4.95,19,1,0,0,1,0,0
7,1,16,186,324,3.72,183,97,3,4,33,3,0
7,5,111,1922,452,5.25,317,111,0,13,11,0,0
7,5,111,1923,525,5.27,337,136,0,19,31,0,2
7,7,69,1020,269,4.28,199,52,0,1,15,1,1
7,7,97,1517,625,4.85,442,133,1,1,42,2,0
7,7,97,1525,495,4.25,345,97,2,3,47,0,0
7,11,54,769,285,3.28,174,83,0,3,25,0,0
7,2,49,682,469,5.45,322,69,0,2,11,0,0
7,9,102,1602,2353,4.10,1636,511,10,18,145,1,2
7,9,102,1603,837,4.47,555,215,10,5,44,1,0
7,9,102,1604,1107,4.24,762,243,5,9,67,1,0
7,9,102,1605,737,4.31,490,160,6,8,48,1,0
7,9,102,1607,882,4.12,622,160,6,5,73,2,1
7,9,102,1608,1237,4.41,841,318,11,5,55,3,1
7,9,102,1610,1779,4.04,1143,431,20,14,81,14,0
7,9,102,1611,1153,4.02,743,331,5,8,56,1,1
7,9,102,1680,331,3.25,129,79,9,1,49,12,1
7,9,102,1681,280,3.45,132,79,9,4,30,17,1
7,9,102,1691,384,3.42,207,107,4,7,50,5,1
7,9,102,1693,327,3.54,168,93,5,5,47,7,1
7,9,102,1690,499,3.61,264,160,2,11,47,12,0
7,9,102,1712,512,4.08,298,145,13,1,32,6,0
7,9,102,1689,555,3.93,314,164,12,3,34,13,3
7,9,102,1682,503,3.53,260,147,16,3,61,5,0
7,9,102,1688,404,3.58,203,133,3,8,43,6,0
7,9,102,1714,585,3.82,330,196,3,5,41,6,0
7,9,102,1713,529,4.00,285,188,5,4,37,3,0
7,9,102,1687,413,3.86,242,110,9,3,27,6,0
7,9,102,1752,122,3.78,112,8,0,2,0,0,0
7,9,102,1715,563,3.78,331,143,5,5,40,4,0
7,9,102,1684,530,3.53,305,137,3,5,52,4,1
7,9,102,1692,330,3.61,155,97,11,8,42,17,0
7,9,102,1626,589,3.67,368,149,13,2,51,5,0
7,9,102,1657,1091,3.89,672,282,25,1,60,8,0
7,9,102,1655,551,3.77,300,161,7,2,29,9,0
7,9,102,1667,292,3.51,118,70,11,2,34,10,0
7,9,102,1666,515,3.71,263,167,4,2,47,6,1
7,9,102,1612,827,4.10,529,232,11,2,41,4,0
7,9,102,1613,709,4.06,451,192,5,2,33,5,0
7,9,102,1631,685,3.70,437,159,8,1,50,11,0
7,9,102,1718,526,3.73,330,125,11,1,46,7,0
7,9,102,1653,610,4.00,409,156,12,0,13,1,0
7,9,102,1652,485,3.86,274,124,11,5,41,6,0
7,9,102,1686,724,3.72,409,209,14,6,59,6,0
7,9,102,1685,1087,3.61,710,228,12,7,76,24,0
7,9,102,1695,286,3.04,125,67,12,1,53,15,0
7,9,102,1710,221,3.54,105,65,5,2,33,8,0
7,9,102,1711,237,3.63,113,74,10,1,22,12,1
7,9,102,1730,1201,3.97,834,275,9,2,65,6,0
7,9,102,1741,580,3.91,351,163,5,3,44,6,0
7,9,102,1725,450,3.79,291,116,5,7,25,5,0
7,8,19,248,820,4.28,547,202,1,4,33,4,0
7,9,102,1723,449,3.75,238,142,8,4,44,7,1
7,9,102,1724,414,3.65,261,104,3,3,33,7,1
7,9,102,1709,389,3.53,199,129,5,1,41,5,0
7,9,102,1697,183,3.32,91,57,3,2,28,1,0
7,9,102,1727,546,3.87,344,148,5,3,36,4,1
7,9,102,1696,204,3.17,97,60,4,5,34,2,1
7,9,102,1678,298,3.17,127,83,4,4,58,1,3
7,9,102,1679,383,3.18,169,94,6,3,64,14,0
7,9,102,1708,668,3.52,387,163,5,5,81,13,1
7,9,102,1721,577,3.84,322,165,10,5,52,4,0
7,9,102,1698,365,3.51,197,118,4,5,25,11,0
7,9,102,1720,639,3.83,410,168,7,1,38,4,0
7,9,102,1677,262,3.45,131,56,5,4,45,5,0
7,9,102,1719,394,3.87,262,91,7,0,24,3,0
7,9,102,1700,767,3.80,445,203,7,8,62,15,1
7,9,102,1717,872,4.08,541,262,9,1,49,5,0
7,9,102,1699,606,3.33,326,124,11,3,79,18,1
7,9,102,1707,831,3.61,490,222,12,5,69,9,1
7,9,102,1676,309,3.46,159,75,9,0,36,10,0
7,9,102,1609,1490,4.13,991,358,13,6,72,7,1
7,9,102,1675,324,3.50,210,60,1,2,29,12,0
7,9,102,1674,537,3.10,309,112,13,2,64,15,1
7,9,102,1694,263,3.10,122,67,3,7,55,9,0
7,9,102,1670,388,3.23,209,103,4,1,55,10,0
7,9,102,1668,526,3.50,288,138,10,0,51,13,0
7,9,102,1614,904,4.12,614,232,4,5,41,3,0
7,9,102,1615,1386,4.16,922,345,8,11,72,6,1
7,9,102,1664,460,3.71,221,163,8,3,38,4,0
7,9,102,1665,339,3.68,168,101,3,6,32,6,2
7,9,102,1616,4470,3.72,3154,815,28,25,304,35,3
7,9,102,1617,1186,4.04,730,317,18,7,79,11,1
7,9,102,1618,663,4.01,398,191,11,2,39,3,1
7,9,102,1619,616,3.75,413,146,9,0,32,2,0
7,9,102,1620,683,3.86,405,172,5,8,41,6,2
7,9,102,1621,277,3.77,170,81,6,3,15,2,0
7,9,102,1625,901,4.17,557,261,10,0,58,4,1
7,9,102,1624,668,4.27,433,177,4,5,34,0,2
7,9,102,1622,1834,4.12,1273,397,12,5,89,5,4
7,9,102,1623,631,4.59,383,189,4,0,30,0,0
7,9,102,1729,1410,4.14,932,332,13,5,87,9,0
7,9,102,1743,2677,4.08,1869,564,17,12,182,6,0
7,9,102,1628,579,3.89,339,142,10,12,36,9,1
7,9,102,1627,493,3.72,291,145,8,0,39,2,3
7,9,102,1728,438,3.94,298,103,1,2,31,0,0
7,9,102,1629,1252,3.83,817,292,16,5,62,6,0
7,9,102,1630,565,4.03,322,167,13,0,39,7,1
7,9,102,1632,620,3.59,416,126,3,1,49,3,0
7,9,102,1633,621,3.79,401,142,4,3,57,4,0
7,9,102,1634,497,3.71,318,93,2,3,62,6,0
7,9,102,1635,464,3.73,303,78,10,9,35,5,1
7,9,102,1636,704,3.84,466,150,6,3,59,4,0
7,9,102,1645,501,3.58,315,144,3,4,29,5,0
7,9,102,1646,526,3.88,334,102,9,4,32,7,1
7,9,102,1647,667,3.81,419,157,8,2,64,4,0
7,9,102,1648,461,3.48,286,105,5,1,48,7,1
7,9,102,1649,538,3.54,322,94,4,3,68,9,0
7,9,102,1650,554,3.84,350,125,5,5,62,2,0
7,9,102,1651,526,3.69,334,115,9,0,52,5,0
7,9,102,1654,513,3.83,304,130,6,9,50,6,0
7,9,102,1658,1012,3.92,643,247,24,4,61,9,1
7,9,102,1659,903,3.96,570,233,16,5,48,10,0
7,9,102,1660,688,4.21,437,187,9,4,38,2,1
7,9,102,1661,812,4.36,515,247,13,0,33,3,1
7,9,102,1662,844,3.76,547,172,9,3,44,6,0
7,9,102,1663,1098,3.64,701,256,13,2,91,9,0
7,9,102,1669,533,3.70,311,138,4,1,58,12,0
7,9,102,1671,474,3.48,247,128,7,1,55,12,3
7,9,102,1726,457,3.68,262,142,8,2,35,4,2
7,9,102,1722,392,3.33,228,100,5,2,35,7,2
7,9,102,1732,867,3.99,537,229,6,4,65,3,1
7,9,102,1733,535,3.89,339,132,3,9,45,6,1
7,9,102,1734,680,4.08,427,190,6,8,39,7,1
7,9,102,1740,1159,3.84,778,281,6,1,69,9,1
7,9,102,1751,772,4.05,476,203,8,3,51,3,0
7,9,102,1744,5517,4.07,3752,1145,39,24,284,35,4
7,9,102,1750,1931,3.93,1297,458,11,5,86,8,0
7,9,102,1716,546,3.96,314,170,3,4,35,2,0
7,9,102,1683,634,3.61,324,197,10,5,58,12,2
7,9,102,1754,467,3.74,319,92,2,2,28,3,0
7,9,102,1656,468,3.71,269,127,6,0,31,7,0
7,4,73,1054,250,3.70,165,48,1,0,29,6,0
7,4,73,1055,301,3.81,201,63,3,0,31,1,0
7,4,73,1061,455,3.94,286,105,0,2,57,1,0
7,8,19,260,1849,4.05,1350,317,18,12,92,7,1
7,1,76,1093,422,4.08,222,126,4,5,34,3,2
7,7,9,111,400,3.77,246,1,0,9,21,2,0
7,7,51,709,324,3.98,191,99,8,0,25,1,0
7,7,51,710,371,3.98,223,86,14,4,37,5,2
7,4,61,899,399,5.48,318,57,0,14,9,0,1
7,10,17,214,512,5.39,411,72,1,5,9,0,0
7,8,19,272,251,4.96,202,43,0,0,6,0,0
7,11,6,60,384,4.17,264,97,0,1,22,0,0
7,11,6,61,430,4.70,306,93,1,4,26,0,0
7,3,52,741,743,4.27,580,134,0,4,23,0,0
7,1,16,187,582,3.78,355,151,9,3,53,7,1
7,7,3,31,301,4.29,208,65,3,4,21,0,0
7,10,17,224,380,4.18,253,99,0,3,25,0,0
7,12,90,1369,363,4.03,229,92,5,1,36,0,0
7,7,97,1508,786,4.05,515,205,0,2,57,0,0
7,3,59,874,367,4.64,262,83,2,1,19,0,0
7,8,99,1556,486,4.14,388,72,1,2,22,0,1
7,10,46,638,283,4.06,195,61,1,4,20,1,1
7,9,102,1606,7283,3.81,5068,1425,63,22,534,30,4
7,12,101,1591,508,5.00,284,94,2,3,18,1,1
7,9,102,1731,1059,3.91,755,218,8,6,50,1,0
7,5,7,69,331,4.16,214,46,0,1,24,0,0
7,5,95,1457,588,4.56,423,118,1,7,33,0,2
7,12,88,1254,591,4.43,393,132,4,5,46,7,0
7,12,90,1265,722,4.22,419,164,12,2,33,2,0
7,12,90,1268,463,4.23,275,149,8,3,16,1,1
7,12,90,1273,1055,4.33,655,265,19,9,54,3,0
7,12,90,1274,327,4.14,187,97,14,1,17,2,1
7,12,90,1281,874,4.24,544,235,19,5,43,7,0
7,12,90,1296,382,4.11,214,129,10,0,24,0,1
7,12,90,1302,88,4.15,54,27,1,1,5,0,0
7,12,90,1286,183,3.78,94,52,5,2,17,2,0
7,12,90,1303,351,4.03,214,88,9,10,22,1,2
7,12,90,1312,588,4.45,385,147,6,5,35,3,0
7,12,90,1321,202,4.60,129,48,4,4,13,0,1
7,12,90,1322,381,3.95,188,96,1,6,22,0,1
7,12,90,1323,570,3.80,331,141,5,0,60,9,0
7,12,90,1327,626,3.71,397,161,3,0,62,1,0
7,12,90,1333,665,3.99,396,201,3,1,55,3,0
7,12,90,1334,848,3.89,493,213,21,3,78,18,0
7,12,90,1335,972,4.02,578,235,10,2,91,19,0
7,12,90,1338,879,4.01,536,260,8,4,57,6,0
7,12,90,1340,3330,4.02,2228,792,35,26,199,10,2
7,12,101,1593,415,4.15,284,104,3,0,23,0,0
7,12,101,1599,200,4.24,133,51,1,0,15,0,0
7,11,105,1781,380,4.36,221,35,0,3,16,0,0
7,11,15,180,368,4.53,224,118,2,1,22,1,0
7,10,108,1837,620,4.33,455,4,0,0,41,0,0
7,10,108,1838,222,5.69,189,29,0,3,1,0,0
7,10,108,1845,918,4.04,717,152,3,1,45,0,0
7,4,68,998,299,5.20,219,66,3,2,8,0,0
7,4,68,997,385,5.22,260,106,2,6,8,3,0
7,8,19,255,643,4.40,448,142,4,2,27,1,0
7,7,3,27,519,3.96,324,123,3,1,52,1,0
7,12,55,780,759,3.89,497,206,4,1,42,0,0
7,4,43,622,588,4.41,395,129,16,2,41,5,0
7,7,9,98,1207,3.81,835,257,16,3,81,5,1
7,4,61,912,507,4.38,399,76,1,5,23,0,0
7,10,46,656,221,4.20,170,29,0,1,21,0,0
7,1,110,1908,539,5.59,418,92,0,4,7,0,0
7,5,77,1114,3096,4.81,2221,576,9,23,100,9,0
7,10,20,301,464,3.96,387,64,0,0,13,0,0
7,10,20,302,416,4.29,289,101,1,1,24,0,0
7,7,9,101,115,3.46,79,22,0,0,4,0,1
7,5,94,1451,381,5.66,288,66,0,15,12,0,0
7,5,94,1452,596,5.95,313,101,0,8,13,0,1
7,3,59,837,406,5.36,356,34,0,6,10,0,0
7,5,7,71,472,4.59,360,36,0,2,17,0,0
7,8,99,1554,379,4.03,302,68,0,1,8,0,0
7,1,31,475,519,5.04,395,71,0,2,20,0,0
7,12,90,1382,358,4.09,244,84,3,0,25,1,0
7,5,77,1152,544,4.47,414,84,1,8,31,0,0
7,8,30,451,330,4.84,205,112,0,3,8,1,0
7,11,57,789,953,4.57,625,277,5,3,32,4,1
7,5,23,358,600,5.01,413,116,0,5,37,0,0
7,5,23,338,369,4.66,302,32,1,2,29,0,0
7,8,84,1226,662,3.71,473,118,13,1,49,8,0
7,8,84,1227,636,3.78,433,148,9,2,41,2,0
7,11,57,799,335,5.94,234,86,1,0,13,0,0
7,5,77,1157,633,4.65,489,73,1,3,36,1,0
7,6,27,413,734,5.03,661,35,0,11,27,0,0
7,6,80,1188,681,4.27,517,103,0,7,53,0,1
7,6,2,20,349,5.45,277,61,0,3,8,0,0
7,6,27,402,3058,4.07,2263,527,5,14,189,3,2
7,6,27,416,551,3.86,431,79,0,1,39,1,0
7,6,102,1742,1295,4.32,935,273,7,3,62,4,0
7,6,27,407,665,4.10,437,138,6,5,44,2,2
7,6,102,1746,779,4.39,640,104,0,1,22,2,0
7,6,102,1745,777,4.28,610,117,3,3,36,1,0
7,6,102,1747,1080,4.35,819,187,1,2,56,0,1
7,6,102,1748,533,3.72,402,92,0,0,30,0,0
7,6,102,1749,1963,3.69,1359,377,19,9,128,24,2
7,6,102,1739,1519,4.19,1124,284,5,11,55,2,0
7,6,102,1753,81,4.05,72,5,0,0,4,0,0
7,6,102,1738,854,4.25,584,204,5,9,21,3,4
7,6,102,1737,1448,4.11,1059,289,4,6,66,2,0
7,6,102,1736,3696,3.88,2511,770,19,20,213,19,8
7,6,102,1735,1707,4.01,1145,403,10,4,120,10,1
7,6,102,1706,991,3.98,672,229,9,2,59,10,0
7,6,102,1673,1059,3.51,666,209,19,7,100,39,0
7,6,102,1703,1106,4.18,774,247,4,2,45,2,0
7,6,102,1643,499,3.46,297,134,3,4,48,7,0
7,6,102,1641,928,3.69,613,199,8,3,63,19,1
7,6,102,1640,2652,3.79,1819,530,26,29,181,23,6
7,6,102,1639,576,3.90,378,145,4,12,32,1,2
7,6,102,1638,1894,4.14,1314,428,25,10,86,22,4
7,6,102,1637,787,3.81,527,170,9,6,59,8,0
7,6,102,1644,585,3.85,366,145,8,4,35,9,1
7,6,102,1642,394,3.76,235,115,3,2,29,6,0
7,6,102,1672,450,3.71,298,101,9,3,33,6,0
7,6,102,1701,396,3.51,219,104,6,1,49,10,1
7,6,102,1702,474,3.95,298,113,5,5,38,4,3
7,6,102,1705,563,3.87,348,125,4,17,44,6,1
7,6,102,1704,718,3.84,443,176,6,12,57,12,1
7,6,44,628,711,4.37,512,127,1,4,37,0,1
7,6,27,430,378,4.22,310,46,0,7,15,0,0
7,6,27,428,376,4.00,295,54,1,1,25,0,0
7,6,27,432,444,4.03,328,78,2,5,28,2,0
7,6,27,429,389,3.02,286,60,0,4,35,2,1
7,6,27,403,738,4.26,538,158,1,1,33,1,0
7,6,74,1078,875,4.54,531,174,5,6,52,5,0
7,6,74,1077,416,4.09,254,85,1,1,20,0,0
7,6,74,1074,545,4.03,339,96,0,3,28,1,0
7,6,74,1073,372,4.44,230,76,1,2,20,0,0
7,6,74,1076,621,4.63,397,126,2,10,36,1,0
7,6,74,1075,327,3.65,186,55,1,0,33,2,0
7,6,74,1070,510,4.62,329,93,0,2,21,0,0
7,6,74,1072,336,4.33,217,54,2,4,11,0,0
7,6,106,1789,652,4.26,517,111,1,1,22,0,0
7,6,2,16,503,4.10,350,113,1,2,26,1,0
7,6,2,17,649,3.85,497,84,0,2,43,0,1
7,6,80,1187,710,4.27,540,120,1,9,40,0,0
7,6,74,1080,291,5.29,218,53,0,6,4,0,1
7,6,74,1071,520,4.67,340,90,0,4,34,0,0
7,6,74,1081,318,4.20,244,48,1,0,22,1,0
7,6,74,1079,560,4.70,431,87,0,3,27,0,2
7,6,106,1806,503,3.96,385,89,0,4,25,0,0
7,6,86,1237,485,4.33,367,88,0,0,20,0,0
7,6,44,627,532,3.88,342,144,3,2,26,1,0
7,6,106,1801,446,3.96,341,83,1,1,19,0,0
7,6,106,1786,560,4.13,437,82,3,8,30,0,0
7,6,106,1787,454,3.91,309,104,0,5,33,1,2
7,6,106,1788,516,3.69,355,101,0,6,48,2,1
7,6,106,1790,555,4.16,405,112,0,8,30,0,0
7,6,106,1792,582,4.06,430,108,2,6,31,1,1
7,6,106,1791,494,3.89,363,89,2,5,33,0,1
7,6,106,1809,173,4.98,148,13,0,1,10,0,1
7,6,106,1808,483,4.72,398,54,0,8,16,0,0
7,6,106,1807,423,3.72,313,78,0,0,32,0,0
7,6,106,1811,312,4.03,226,57,0,0,27,0,0
7,6,106,1805,466,3.87,362,69,0,2,29,0,0
7,6,106,1810,312,3.39,235,51,0,7,19,0,0
7,6,106,1804,526,4.52,388,100,0,16,21,0,1
7,6,106,1803,204,3.96,167,29,0,2,5,1,0
7,6,106,1802,794,4.04,578,161,0,0,53,2,0
7,6,106,1800,730,4.00,574,119,0,0,33,2,1
7,6,106,1799,607,3.80,461,90,1,4,47,0,0
7,6,106,1798,1024,4.19,773,161,2,1,74,1,1
7,6,106,1797,720,5.04,493,101,0,27,25,0,1
7,6,106,1796,838,4.90,600,97,0,14,19,0,1
7,6,106,1795,574,4.53,399,118,4,16,13,0,1
7,6,106,1794,342,4.66,222,100,0,6,7,0,0
7,6,106,1793,537,5.39,393,9,0,1,31,0,0
7,6,87,1244,375,4.15,260,89,1,3,18,0,0
7,6,87,1242,582,4.54,410,131,3,1,29,2,0
7,6,28,435,201,2.71,162,29,0,0,10,0,0
7,6,28,433,457,3.84,357,76,0,1,23,0,0
7,6,28,434,598,4.41,450,113,0,0,35,0,0
7,6,87,1245,667,4.27,514,117,0,1,24,0,0
7,6,87,1243,600,4.27,405,158,1,0,29,1,0
7,6,87,1240,486,4.42,351,118,0,1,16,0,0
7,6,87,1246,489,3.01,358,103,0,0,28,0,0
7,6,87,1241,1003,4.66,786,174,2,0,29,2,0
7,6,27,405,580,3.82,422,121,1,0,29,1,0
7,6,27,404,1091,3.94,828,180,6,0,46,1,0
7,6,27,406,417,4.14,305,89,0,1,16,0,0
7,6,27,408,386,3.73,224,114,1,4,35,3,1
7,6,27,409,399,3.66,248,94,1,2,45,4,0
7,6,27,410,424,3.72,256,112,0,0,36,5,2
7,6,27,412,584,4.30,369,164,2,5,37,2,0
7,6,63,924,285,4.12,238,29,0,1,17,0,0
7,6,63,923,641,3.79,518,72,1,1,42,3,0
7,6,27,411,839,4.40,537,224,1,1,40,1,0
7,6,58,814,836,4.67,637,158,0,7,19,0,0
7,6,29,437,515,4.19,386,86,1,4,38,0,0
7,6,29,436,455,3.86,358,63,0,7,27,0,0
7,6,29,438,209,4.06,165,27,0,3,14,0,0
7,6,2,12,351,3.78,242,56,1,1,39,1,1
7,6,2,8,426,4.32,311,79,1,4,28,0,0
7,6,2,10,510,3.70,327,110,1,1,58,1,0
7,6,2,13,342,4.12,254,49,1,0,35,0,0
7,6,2,7,594,4.00,437,98,1,6,37,0,1
7,6,2,11,530,3.58,348,93,1,0,67,2,0
7,6,2,19,629,3.70,531,59,0,3,33,0,1
7,6,2,15,375,4.15,299,51,0,4,21,0,0
7,6,2,9,636,4.41,464,96,0,5,56,0,0
7,6,2,14,386,3.84,307,56,0,2,20,0,0
7,6,98,1530,496,4.51,386,88,0,5,17,0,0
7,6,98,1531,742,4.72,588,128,0,1,24,0,1
7,6,44,629,511,4.66,458,34,0,1,16,0,0
7,6,44,630,413,6.32,279,121,0,4,7,0,2
7,6,44,632,391,4.91,325,38,0,0,24,0,0
7,6,44,631,602,4.92,412,152,0,0,17,0,1
7,6,44,633,327,5.03,292,13,0,3,11,0,0
7,6,44,634,492,4.79,398,62,0,5,12,0,0
7,6,44,635,509,4.06,442,31,0,3,14,0,2
7,6,86,1236,560,4.38,407,113,1,1,33,3,0
7,6,86,1239,750,4.25,636,75,0,9,27,0,0
7,6,86,1238,194,4.75,171,18,0,2,3,0,0
7,6,2,18,239,3.86,194,26,0,3,13,0,0
7,6,27,431,599,3.74,439,0,5,2,41,2,0
7,6,27,414,615,4.73,498,54,1,15,45,0,2
7,6,27,427,310,4.26,223,62,0,4,20,1,0
7,6,27,426,407,3.57,302,75,1,3,24,1,1
7,6,27,424,492,4.16,347,107,2,3,32,0,0
7,6,27,423,286,3.61,222,52,0,2,10,0,0
7,6,27,422,294,4.08,237,33,0,3,20,0,0
7,6,27,421,328,3.89,257,54,1,0,14,2,0
7,6,27,425,513,4.87,410,85,0,1,16,0,0
7,6,27,420,318,4.38,227,59,1,4,26,1,0
7,6,27,419,352,4.13,275,54,0,2,20,0,0
7,6,27,418,219,4.17,160,50,0,4,5,0,0
7,6,27,417,406,4.40,324,68,0,2,12,0,0
7,6,27,415,645,4.58,505,111,2,5,16,0,0
7,2,26,396,384,5.41,273,71,0,3,24,0,0
7,10,109,1858,762,3.96,552,156,4,3,40,3,0
7,2,26,392,224,5.42,148,29,0,4,7,0,0
7,2,79,1185,716,5.98,569,109,0,4,5,0,0
7,12,90,1376,483,4.43,311,116,6,5,31,3,0
7,12,90,1266,167,4.47,99,51,5,0,5,0,0
7,8,99,1536,699,3.89,495,151,1,6,45,0,0
7,5,111,1927,603,5.61,472,112,0,3,16,0,0
7,10,108,1834,538,3.86,363,118,1,0,56,0,0
7,2,49,689,411,5.65,271,41,0,0,9,0,0
7,12,90,1295,591,3.88,358,152,3,3,53,4,1
7,2,60,882,793,5.27,639,110,0,26,18,0,0
7,12,90,1342,530,4.14,356,129,1,0,43,1,0
7,12,90,1386,930,4.11,678,147,2,2,98,3,0
7,10,17,219,268,4.60,220,41,0,1,6,0,0
7,10,46,643,393,5.88,326,50,0,3,14,0,0
7,10,20,314,317,4.91,230,60,3,5,17,1,0
7,7,97,1522,123,3.55,82,24,1,0,16,0,0
7,1,96,1480,572,5.15,407,140,0,1,14,0,0
7,1,31,477,560,5.52,436,89,0,10,13,0,0
