EDO;DTO;MPO;NOMBRE;FCTMPAL;POB00
 7 ; 1 ; 5 ;AMATAN;0.05747; 18778 
 7 ; 1 ; 12 ;BERRIOZABAL;0.08790; 28719 
 7 ; 1 ; 18 ;COAPILLA;0.02209; 7217 
 7 ; 1 ; 21 ;COPAINALA;0.05906; 19298 
 7 ; 1 ; 43 ;IXTACOMITAN;0.02798; 9143 
 7 ; 1 ; 45 ;IXTAPANGAJOYA;0.01441; 4707 
 7 ; 1 ; 48 ;JUAREZ;0.06108; 19956 
 7 ; 1 ; 61 ;OCOZOCOAUTLA DE ESPINOSA;0.20099; 65673 
 7 ; 1 ; 62 ;OSTUACAN;0.05211; 17026 
 7 ; 1 ; 68 ;PICHUCALCO;0.08985; 29357 
 7 ; 1 ; 73 ;REFORMA;0.10653; 34809 
 7 ; 1 ; 78 ;SAN FERNANDO;0.08091; 26436 
 7 ; 1 ; 85 ;SOLOSUCHIAPA;0.02382; 7784 
 7 ; 1 ; 89 ;SUNUAPA;0.00593; 1936 
 7 ; 1 ; 93 ;TECPATAN;0.11747; 38383 
;;;;;;;;;;;;;;
;;;;;;;;;;;;;;
 7 ; 2 ; 8 ;ANGEL ALBINO CORZO;0.08167; 26682 
 7 ; 2 ; 17 ;CINTALAPA;0.19591; 64013 
 7 ; 2 ; 20 ;CONCORDIA, LA;0.12172; 39770 
 7 ; 2 ; 46 ;JIQUIPILAS;0.10693; 34937 
 7 ; 2 ; 108 ;VILLA CORZO;0.21021; 68685 
 7 ; 2 ; 109 ;VILLAFLORES;0.26307; 85957 
;;;;;;;;;;;;;;
;;;;;;;;;;;;;;
 7 ; 3 ; 1 ;ACACOYAGUA;0.04343; 14189 
 7 ; 3 ; 3 ;ACAPETAHUA;0.07698; 25154 
 7 ; 3 ; 9 ;ARRIAGA;0.11627; 37989 
 7 ; 3 ; 32 ;ESCUINTLA;0.08589; 28064 
 7 ; 3 ; 51 ;MAPASTEPEC;0.12030; 39307 
 7 ; 3 ; 69 ;PIJIJIAPAN;0.14369; 46949 
 7 ; 3 ; 81 ;SILTEPEC;0.09934; 32457 
 7 ; 3 ; 97 ;TONALA;0.24006; 78438 
 7 ; 3 ; 107 ;VILLACOMALTITLAN;0.08173; 26706 
;;;;;;;;;;;;;;
;;;;;;;;;;;;;;
 7 ; 4 ; 11 ;BELLA VISTA;0.05572; 18205 
 7 ; 4 ; 19 ;COMITAN DE DOMINGUEZ;0.32200; 105210 
 7 ; 4 ; 30 ;CHICOMUSELO;0.07649; 24994 
 7 ; 4 ; 34 ;FRONTERA COMALAPA;0.15966; 52168 
 7 ; 4 ; 41 ;INDEPENDENCIA, LA;0.09869; 32245 
 7 ; 4 ; 84 ;SOCOLTENANGO;0.04643; 15171 
 7 ; 4 ; 99 ;TRINITARIA, LA;0.18267; 59686 
 7 ; 4 ; 104 ;TZIMOL;0.03650; 11925 
;;;;;;;;;;;;;;
;;;;;;;;;;;;;;
 7 ; 5 ; 2 ;ACALA;0.07576; 24754 
 7 ; 5 ; 27 ;CHIAPA DE CORZO;0.18553; 60620 
 7 ; 5 ; 28 ;CHIAPILLA;0.01604; 5242 
 7 ; 5 ; 29 ;CHICOASEN;0.01330; 4345 
 7 ; 5 ; 44 ;IXTAPA;0.05672; 18533 
 7 ; 5 ; 58 ;NICOLAS RUIZ;0.00959; 3135 
 7 ; 5 ; 63 ;OSUMACINTA;0.00959; 3132 
 7 ; 5 ; 74 ;ROSAS, LAS;0.06458; 21100 
 7 ; 5 ; 80 ;SAN LUCAS;0.01736; 5673 
 7 ; 5 ; 86 ;SOYALO;0.02377; 7767 
 7 ; 5 ; 87 ;SUCHIAPA;0.04863; 15890 
 7 ; 5 ; 98 ;TOTOLAPA;0.01687; 5513 
 7 ; 5 ; 102 ;TUXTLA GUTIERREZ;0.32429; 105960 
 7 ; 5 ; 106 ;VENUSTIANO CARRANZA;0.16170; 52833 
;;;;;;;;;;;;;;
;;;;;;;;;;;;;;
 7 ; 6 ; 35 ;FRONTERA HIDALGO;0.03345; 10929 
 7 ; 6 ; 55 ;METAPA;0.01467; 4794 
 7 ; 6 ; 88 ;SUCHIATE;0.09451; 30883 
 7 ; 6 ; 90 ;TAPACHULA;0.74721; 244143 
 7 ; 6 ; 101 ;TUXTLA CHICO;0.10243; 33467 
;;;;;;;;;;;;;;
;;;;;;;;;;;;;;
 7 ; 7 ; 6 ;AMATENANGO DE LA FRONTERA;0.07986; 26094 
 7 ; 7 ; 10 ;BEJUCAL DE OCAMPO;0.02042; 6673 
 7 ; 7 ; 15 ;CACAHOATAN;0.11297; 36914 
 7 ; 7 ; 36 ;GRANDEZA, LA;0.01827; 5969 
 7 ; 7 ; 37 ;HUEHUETAN;0.09806; 32038 
 7 ; 7 ; 40 ;HUIXTLA;0.14836; 48476 
 7 ; 7 ; 53 ;MAZAPA DE MADERO;0.02197; 7180 
 7 ; 7 ; 54 ;MAZATAN;0.07429; 24274 
 7 ; 7 ; 57 ;MOTOZINTLA;0.18652; 60942 
 7 ; 7 ; 70 ;PORVENIR, EL;0.03563; 11641 
 7 ; 7 ; 90 ;TAPACHULA;0.08346; 27269 
 7 ; 7 ; 103 ;TUZANTAN;0.07064; 23081 
 7 ; 7 ; 105 ;UNION JUAREZ;0.04265; 13934 
;;;;;;;;;;;;;;
;;;;;;;;;;;;;;
 7 ; 8 ; 102 ;TUXTLA GUTIERREZ;1.00442; 328183 
;;;;;;;;;;;;;;
;;;;;;;;;;;;;;
 7 ; 9 ; 4 ;ALTAMIRANO;0.06717; 21948 
 7 ; 9 ; 52 ;MARGARITAS, LAS;0.29029; 94851 
 7 ; 9 ; 59 ;OCOSINGO;0.52770; 172421 
 7 ; 9 ; 64 ;OXCHUC;0.11595; 37887 
;;;;;;;;;;;;;;
;;;;;;;;;;;;;;
 7 ; 10 ; 16 ;CATAZAJA;0.04808; 15709 
 7 ; 10 ; 31 ;CHILON;0.23776; 77686 
 7 ; 10 ; 50 ;LIBERTAD, LA;0.01618; 5288 
 7 ; 10 ; 65 ;PALENQUE;0.26156; 85464 
 7 ; 10 ; 76 ;SALTO DE AGUA;0.15088; 49300 
 7 ; 10 ; 96 ;TILA;0.17798; 58153 
 7 ; 10 ; 100 ;TUMBALA;0.08222; 26866 
 7 ; 10 ; 110 ;YAJALON;0.07971; 26044 
;;;;;;;;;;;;;;
;;;;;;;;;;;;;;
 7 ; 11 ; 13 ;BOCHIL;0.06954; 22722 
 7 ; 11 ; 14 ;BOSQUE, EL;0.04589; 14993 
 7 ; 11 ; 22 ;CHALCHIHUITAN;0.03751; 12256 
 7 ; 11 ; 25 ;CHAPULTENANGO;0.02132; 6965 
 7 ; 11 ; 26 ;CHENALHO;0.09271; 30291 
 7 ; 11 ; 33 ;FRANCISCO LEON;0.01602; 5236 
 7 ; 11 ; 38 ;HUITIUPAN;0.06134; 20041 
 7 ; 11 ; 42 ;IXHUATAN;0.02717; 8877 
 7 ; 11 ; 47 ;JITOTOL;0.04007; 13092 
 7 ; 11 ; 49 ;LARRAINZAR;0.05934; 19387 
 7 ; 11 ; 60 ;OCOTEPEC;0.02837; 9271 
 7 ; 11 ; 66 ;PANTELHO;0.04977; 16262 
 7 ; 11 ; 67 ;PANTEPEC;0.02622; 8566 
 7 ; 11 ; 71 ;PUEBLO NUEVO SOLISTAHUACAN;0.07550; 24671 
 7 ; 11 ; 72 ;RAYON;0.02103; 6870 
 7 ; 11 ; 75 ;SABANILLA;0.06475; 21156 
 7 ; 11 ; 79 ;SAN JUAN CANCUC;0.06332; 20688 
 7 ; 11 ; 82 ;SIMOJOVEL;0.10637; 34756 
 7 ; 11 ; 83 ;SITALA;0.02444; 7987 
 7 ; 11 ; 91 ;TAPALAPA;0.01114; 3639 
 7 ; 11 ; 92 ;TAPILULA;0.03167; 10349 
;;;;;;;;;;;;;;
;;;;;;;;;;;;;;
 7 ; 12 ; 7 ;AMATENANGO DEL VALLE;0.02007; 6559 
 7 ; 12 ; 23 ;CHAMULA;0.18059; 59005 
 7 ; 12 ; 24 ;CHANAL;0.02316; 7568 
 7 ; 12 ; 39 ;HUIXTAN;0.05702; 18630 
 7 ; 12 ; 56 ;MITONTIC;0.02327; 7602 
 7 ; 12 ; 77 ;SAN CRISTOBAL DE LAS CASAS;0.40528; 132421 
 7 ; 12 ; 94 ;TENEJAPA;0.10149; 33161 
 7 ; 12 ; 95 ;TEOPISCA;0.08262; 26996 
 7 ; 12 ; 111 ;ZINACANTAN;0.09106; 29754 
