Entidad|Distrito|Distrito_nuevo|Municipio|MUNICIPIO_VIRTUAL|Seccion|SECCION_VIRTUAL
21|1|15|50||423|
21|1|15|50||424|
21|1|15|50||425|
21|1|15|50||426|
21|1|15|50||427|
21|1|15|50||428|
21|1|15|50||429|
21|1|15|58||502|
21|1|15|58||503|
21|1|15|58||504|
21|1|15|65||535|
21|1|15|65||536|
21|1|15|65||537|
21|1|15|65||538|
21|1|15|65||539|
21|1|15|65||540|
21|1|15|65||541|
21|1|15|65||542|
21|1|15|65||543|
21|1|15|72||594|
21|1|15|72||595|
21|1|15|72||596|
21|1|15|72||597|
21|1|15|72||598|
21|1|15|72||599|
21|1|15|72||600|
21|1|15|72||601|
21|1|15|72||602|
21|1|15|72||603|
21|1|15|72||604|
21|1|15|72||605|
21|1|15|72||606|
21|1|15|72||607|
21|1|15|72||608|
21|1|15|72||609|
21|1|15|72||610|
21|1|15|72||611|
21|1|15|72||612|
21|1|15|72||613|
21|1|15|72||614|
21|1|15|72||615|
21|1|15|72||616|
21|1|15|72||617|
21|1|15|72||618|
21|1|15|72||619|
21|1|15|72||620|
21|1|15|72||621|
21|1|15|72||622|
21|1|15|72||623|
21|1|15|72||624|
21|1|15|72||625|
21|1|15|72||626|
21|1|15|72||627|
21|1|15|72||628|
21|1|15|72||629|
21|1|15|72||630|
21|1|15|88||764|
21|1|15|88||765|
21|1|15|88||766|
21|1|15|88||767|
21|1|15|88||768|
21|1|15|88||769|
21|1|15|93||792|
21|1|15|93||793|
21|1|15|93||794|
21|1|15|93||795|
21|1|15|93||796|
21|1|15|101||830|
21|1|15|101||831|
21|1|15|101||832|
21|1|15|101||833|
21|1|15|101||834|
21|1|15|110||883|
21|1|15|110||884|
21|1|15|110||885|
21|1|15|110||886|
21|1|15|110||887|
21|1|15|110||888|
21|1|15|110||889|
21|1|15|110||890|
21|1|15|110||891|
21|1|15|110||892|
21|1|15|110||893|
21|1|15|110||894|
21|1|15|110||895|
21|1|15|110||896|
21|1|15|112||912|
21|1|15|112||913|
21|1|15|112||914|
21|1|15|112||915|
21|1|15|112||916|
21|1|15|112||917|
21|1|15|112||918|
21|1|15|112||919|
21|1|15|112||920|
21|1|15|112||921|
21|1|15|178||2209|
21|1|15|178||2210|
21|1|15|178||2211|
21|1|15|178||2212|
21|1|15|178||2213|
21|1|15|178||2214|
21|1|15|178||2215|
21|1|15|178||2216|
21|1|15|178||2217|
21|1|15|178||2218|
21|1|15|183||2253|
21|1|15|183||2254|
21|1|15|183||2255|
21|1|15|183||2256|
21|1|15|183||2257|
21|1|15|183||2258|
21|1|15|183||2259|
21|1|15|183||2260|
21|1|15|183||2261|
21|1|16|184||2262|
21|1|16|184||2263|
21|1|16|184||2264|
21|1|16|184||2265|
21|1|16|184||2266|
21|1|15|187||2295|
21|1|15|187||2296|
21|1|15|187||2297|
21|1|15|187||2298|
21|1|15|194||2333|
21|1|15|194||2334|
21|1|15|194||2335|
21|1|15|194||2336|
21|1|15|194||2337|
21|1|15|194||2338|
21|1|15|194||2339|
21|1|15|194||2340|
21|1|15|194||2341|
21|1|15|194||2342|
21|1|15|194||2343|
21|1|15|194||2344|
21|1|15|194||2345|
21|1|15|194||2346|
21|1|15|194||2347|
21|1|15|194||2348|
21|1|15|197||2362|
21|1|15|197||2363|
21|1|15|197||2364|
21|1|15|197||2365|
21|1|15|197||2366|
21|1|15|197||2367|
21|1|15|197||2368|
21|1|15|197||2369|
21|1|15|197||2370|
21|1|15|197||2371|
21|1|15|197||2372|
21|1|15|197||2373|
21|1|15|197||2374|
21|1|15|197||2375|
21|1|15|197||2376|
21|1|15|197||2377|
21|1|15|197||2378|
21|1|15|197||2379|
21|1|15|197||2380|
21|1|15|197||2381|
21|1|15|197||2382|
21|1|15|197||2383|
21|1|15|197||2384|
21|1|15|197||2385|
21|1|15|197||2386|
21|1|15|197||2387|
21|1|15|197||2388|
21|1|15|197||2389|
21|1|15|197||2390|
21|1|15|213||2520|
21|1|15|213||2521|
21|1|15|213||2522|
21|1|15|213||2523|
21|1|15|213||2524|
21|1|15|213||2525|
21|1|15|213||2526|
21|2|16|6||64|
21|2|16|6||65|
21|2|16|6||66|
21|2|16|6||67|
21|2|16|6||68|
21|2|16|6||69|
21|2|16|6||70|
21|2|2|8||75|
21|2|2|8||76|
21|2|2|8||77|
21|2|2|8||78|
21|2|16|14||113|
21|2|16|14||114|
21|2|16|14||115|
21|2|2|16||134|
21|2|2|16||135|
21|2|2|16||136|
21|2|2|16||137|
21|2|2|16||138|
21|2|16|28||260|
21|2|16|28||261|
21|2|16|30||271|
21|2|16|30||272|
21|2|16|31||273|
21|2|16|40||319|
21|2|16|40||320|
21|2|16|40||321|
21|2|16|40||322|
21|2|2|54||461|
21|2|2|54||462|
21|2|2|54||463|
21|2|2|54||464|
21|2|2|54||465|
21|2|2|54||466|
21|2|2|54||467|
21|2|2|54||468|
21|2|2|54||469|
21|2|2|54||470|
21|2|2|54||471|
21|2|2|54||472|
21|2|2|54||473|
21|2|2|54||474|
21|2|2|54||475|
21|2|2|54||476|
21|2|2|54||477|
21|2|2|54||478|
21|2|2|54||479|
21|2|2|54||480|
21|2|2|54||481|
21|2|2|54||482|
21|2|2|54||483|
21|2|2|54||484|
21|2|2|54||485|
21|2|2|54||486|
21|2|2|54||487|
21|2|2|54||488|
21|2|16|69||565|
21|2|16|69||566|
21|2|16|69||567|
21|2|16|69||568|
21|2|16|73||631|
21|2|16|73||632|
21|2|16|73||633|
21|2|16|73||634|
21|2|16|73||635|
21|2|16|73||636|
21|2|16|73||637|
21|2|16|73||638|
21|2|16|73||639|
21|2|16|79||693|
21|2|16|79||694|
21|2|16|79||695|
21|2|16|80||696|
21|2|16|80||697|
21|2|16|80||698|
21|2|16|80||699|
21|2|16|80||700|
21|2|16|82||704|
21|2|16|82||705|
21|2|16|86||727|
21|2|16|86||728|
21|2|16|86||729|
21|2|16|90||776|
21|2|16|90||777|
21|2|16|90||778|
21|2|15|91||779|
21|2|15|91||780|
21|2|15|91||781|
21|2|15|91||782|
21|2|15|91||783|
21|2|15|91||784|
21|2|15|91||785|
21|2|16|102||835|
21|2|16|102||836|
21|2|16|102||837|
21|2|16|108||867|
21|2|16|108||868|
21|2|16|108||869|
21|2|16|108||870|
21|2|16|108||871|
21|2|16|108||872|
21|2|16|108||873|
21|2|16|108||874|
21|2|16|124||1682|
21|2|16|124||1683|
21|2|16|124||1684|
21|2|16|161||2049|
21|2|16|161||2050|
21|2|16|166||2089|
21|2|16|166||2090|
21|2|16|166||2091|
21|2|16|166||2092|
21|2|16|166||2093|
21|2|16|166||2094|
21|2|2|171||2117|
21|2|2|171||2118|
21|2|2|171||2119|
21|2|2|171||2120|
21|2|2|171||2121|
21|2|2|171||2122|
21|2|2|171||2123|
21|2|2|171||2124|
21|2|2|171||2125|
21|2|2|171||2126|
21|2|2|171||2127|
21|2|2|171||2128|
21|2|2|171||2129|
21|2|2|171||2130|
21|2|2|171||2131|
21|2|16|192||2326|
21|2|16|192||2327|
21|2|16|192||2328|
21|2|16|202||2409|
21|2|16|202||2410|
21|2|16|202||2411|
21|2|16|202||2412|
21|2|2|208||2460|
21|2|2|208||2461|
21|2|2|208||2462|
21|2|2|208||2463|
21|2|2|208||2464|
21|2|2|208||2465|
21|2|2|208||2466|
21|2|2|208||2467|
21|2|2|208||2468|
21|2|2|208||2469|
21|2|2|208||2470|
21|2|2|208||2471|
21|2|2|208||2472|
21|2|2|208||2473|
21|2|2|208||2474|
21|2|2|208||2475|
21|2|2|208||2476|
21|2|2|208||2477|
21|2|2|208||2478|
21|2|2|208||2479|
21|2|2|208||2480|
21|2|2|208||2481|
21|2|2|208||2482|
21|2|2|208||2483|
21|2|2|208||2484|
21|2|2|208||2485|
21|2|2|208||2486|
21|2|2|208||2487|
21|2|2|208||2488|
21|2|2|208||2489|
21|2|16|210||2499|
21|2|16|210||2500|
21|2|16|210||2501|
21|2|16|215||2533|
21|2|16|215||2534|
21|2|16|216||2535|
21|2|16|216||2536|
21|3|3|2||20|
21|3|3|2||21|
21|3|3|2||22|
21|3|3|2||23|
21|3|3|2||24|
21|3|3|2||25|
21|3|3|2||26|
21|3|3|2||27|
21|3|16|17||139|
21|3|16|17||140|
21|3|16|17||141|
21|3|3|17||142|
21|3|16|17||143|
21|3|16|17||144|
21|3|16|17||145|
21|3|16|17||146|
21|3|16|17||147|
21|3|16|25||241|
21|3|16|25||242|
21|3|16|25||243|
21|3|16|25||244|
21|3|16|44||344|
21|3|16|44||345|
21|3|16|44||346|
21|3|16|44||347|
21|3|16|44||348|
21|3|16|44||349|
21|3|16|44||350|
21|3|16|44||351|
21|3|16|44||352|
21|3|16|44||353|
21|3|16|44||354|
21|3|16|44||355|
21|3|16|44||356|
21|3|16|44||357|
21|3|16|44||358|
21|3|16|44||359|
21|3|16|44||360|
21|3|16|44||361|
21|3|16|44||362|
21|3|16|44||363|
21|3|16|55||489|
21|3|16|55||490|
21|3|16|55||491|
21|3|16|55||492|
21|3|16|55||493|
21|3|16|55||494|
21|3|16|55||495|
21|3|16|77||673|
21|3|16|77||674|
21|3|16|77||675|
21|3|16|77||676|
21|3|16|77||677|
21|3|3|78||678|
21|3|3|78||679|
21|3|3|78||680|
21|3|3|78||681|
21|3|3|78||682|
21|3|3|78||683|
21|3|3|78||684|
21|3|3|78||685|
21|3|3|78||686|
21|3|3|78||687|
21|3|3|78||688|
21|3|3|78||689|
21|3|3|78||690|
21|3|3|78||691|
21|3|3|78||692|
21|3|3|157||2025|
21|3|3|157||2026|
21|3|3|157||2027|
21|3|3|157||2028|
21|3|3|157||2029|
21|3|3|157||2030|
21|3|3|157||2031|
21|3|3|157||2032|
21|3|16|172||2132|
21|3|16|172||2133|
21|3|3|173||2134|
21|3|3|173||2135|
21|3|3|173||2136|
21|3|3|173||2137|
21|3|3|173||2138|
21|3|3|173||2139|
21|3|3|173||2140|
21|3|3|173||2141|
21|3|3|173||2142|
21|3|3|173||2143|
21|3|3|173||2144|
21|3|3|173||2145|
21|3|3|173||2146|
21|3|3|173||2147|
21|3|3|173||2148|
21|3|3|173||2149|
21|3|3|173||2150|
21|3|3|173||2151|
21|3|3|173||2152|
21|3|3|173||2153|
21|3|3|173||2154|
21|3|3|173||2155|
21|3|3|173||2156|
21|3|3|173||2157|
21|3|3|173||2158|
21|3|3|173||2159|
21|3|3|173||2160|
21|3|3|173||2161|
21|3|3|173||2162|
21|3|3|173||2163|
21|3|3|173||2164|
21|3|3|173||2165|
21|3|3|173||2166|
21|3|3|173||2167|
21|3|3|173||2168|
21|3|3|173||2169|
21|3|3|173||2170|
21|3|3|173||2171|
21|3|3|173||2172|
21|3|3|173||2173|
21|3|3|173||2174|
21|3|3|186||2272|
21|3|3|186||2273|
21|3|3|186||2274|
21|3|3|186||2275|
21|3|3|186||2276|
21|3|3|186||2277|
21|3|3|186||2278|
21|3|3|186||2279|
21|3|3|186||2280|
21|3|3|186||2281|
21|3|3|186||2282|
21|3|3|186||2283|
21|3|3|186||2284|
21|3|3|186||2285|
21|3|3|186||2286|
21|3|3|186||2287|
21|3|3|186||2288|
21|3|3|186||2289|
21|3|3|186||2290|
21|3|3|186||2291|
21|3|3|186||2292|
21|3|3|186||2293|
21|3|3|186||2294|
21|3|3|199||2393|
21|3|3|199||2394|
21|3|3|199||2395|
21|3|3|199||2396|
21|3|3|199||2397|
21|3|3|199||2398|
21|3|3|199||2399|
21|3|3|199||2400|
21|3|3|199||2401|
21|3|3|199||2402|
21|3|3|199||2403|
21|3|3|199||2404|
21|3|16|200||2405|
21|3|16|200||2406|
21|3|16|204||2416|
21|3|16|204||2417|
21|3|16|204||2418|
21|3|16|204||2419|
21|3|16|207||2433|
21|3|16|207||2434|
21|3|16|207||2435|
21|3|16|207||2436|
21|3|16|207||2437|
21|3|16|207||2438|
21|3|16|207||2439|
21|3|16|207||2440|
21|3|16|207||2441|
21|3|16|207||2442|
21|3|16|207||2443|
21|3|16|207||2444|
21|3|16|207||2445|
21|3|16|207||2446|
21|3|16|207||2447|
21|3|16|207||2448|
21|3|16|207||2449|
21|3|16|207||2450|
21|3|16|207||2451|
21|3|16|207||2452|
21|3|16|207||2453|
21|3|16|207||2454|
21|3|16|207||2455|
21|3|16|207||2456|
21|3|16|207||2457|
21|3|16|207||2458|
21|3|16|207||2459|
21|3|3|211||2502|
21|3|3|211||2503|
21|3|3|211||2504|
21|3|3|211||2505|
21|3|3|211||2506|
21|3|3|211||2507|
21|4|3|45||364|
21|4|3|45||365|
21|4|3|45||366|
21|4|3|45||367|
21|4|3|45||368|
21|4|3|45||369|
21|4|3|45||370|
21|4|8|51||430|
21|4|8|51||431|
21|4|8|51||432|
21|4|8|51||433|
21|4|8|51||434|
21|4|8|51||435|
21|4|8|51||436|
21|4|8|51||437|
21|4|8|51||438|
21|4|3|59||505|
21|4|3|59||506|
21|4|3|59||507|
21|4|3|59||508|
21|4|3|59||509|
21|4|3|59||510|
21|4|3|59||511|
21|4|3|68||555|
21|4|3|68||556|
21|4|3|68||557|
21|4|3|68||558|
21|4|3|68||559|
21|4|3|68||560|
21|4|3|68||561|
21|4|3|68||562|
21|4|3|68||563|
21|4|3|68||564|
21|4|2|85||712|
21|4|2|85||713|
21|4|2|85||714|
21|4|2|85||715|
21|4|2|85||716|
21|4|2|85||717|
21|4|2|85||718|
21|4|2|85||719|
21|4|2|85||720|
21|4|2|85||721|
21|4|2|85||722|
21|4|2|85||723|
21|4|2|85||724|
21|4|2|85||725|
21|4|2|85||726|
21|4|3|95||801|
21|4|3|95||802|
21|4|3|95||803|
21|4|3|95||804|
21|4|3|95||805|
21|4|3|95||806|
21|4|3|95||807|
21|4|3|95||808|
21|4|2|96||809|
21|4|2|96||810|
21|4|2|96||811|
21|4|2|96||812|
21|4|2|96||813|
21|4|2|96||814|
21|4|2|96||815|
21|4|2|96||816|
21|4|2|96||817|
21|4|2|96||818|
21|4|2|96||819|
21|4|2|105||846|
21|4|2|105||847|
21|4|2|105||848|
21|4|2|105||849|
21|4|2|105||850|
21|4|2|105||851|
21|4|2|105||852|
21|4|2|105||853|
21|4|3|106||854|
21|4|3|106||855|
21|4|3|106||856|
21|4|2|109||875|
21|4|2|109||876|
21|4|2|109||877|
21|4|2|109||878|
21|4|2|109||879|
21|4|2|109||880|
21|4|2|109||881|
21|4|2|109||882|
21|4|8|117||1626|
21|4|8|117||1627|
21|4|8|117||1628|
21|4|8|117||1629|
21|4|8|117||1630|
21|4|8|117||1631|
21|4|8|117||1632|
21|4|8|117||1633|
21|4|8|117||1634|
21|4|8|117||1635|
21|4|2|118||1636|
21|4|2|118||1637|
21|4|2|118||1638|
21|4|2|118||1639|
21|4|2|118||1640|
21|4|2|118||1641|
21|4|2|118||1642|
21|4|2|129||1702|
21|4|2|129||1703|
21|4|2|129||1704|
21|4|2|129||1705|
21|4|2|129||1706|
21|4|2|129||1707|
21|4|2|138||1789|
21|4|2|138||1790|
21|4|2|138||1791|9002
21|4|2|138||1792|
21|4|2|143||1848|
21|4|2|143||1849|
21|4|2|143||1850|
21|4|2|143||1851|
21|4|2|143||1852|
21|4|2|143||1853|
21|4|2|143||1854|
21|4|2|143||1855|
21|4|2|143||1856|
21|4|2|143||1857|
21|4|3|169||2109|
21|4|3|169||2110|
21|4|3|169||2111|
21|4|3|169||2112|
21|4|3|169||2113|
21|4|3|169||2114|
21|4|3|169||2115|
21|4|16|212||2508|
21|4|16|212||2509|
21|4|16|212||2510|
21|4|16|212||2511|
21|4|16|212||2512|
21|4|16|212||2513|
21|4|16|212||2514|
21|4|16|212||2515|
21|4|16|212||2516|
21|4|16|212||2517|
21|4|16|212||2518|
21|4|16|212||2519|
21|5|4|26||245|
21|5|4|26||246|
21|5|4|26||247|
21|5|4|26||248|
21|5|4|26||249|
21|5|4|26||250|
21|5|4|26||251|
21|5|4|26||252|
21|5|10|35||282|
21|5|10|35||283|
21|5|10|35||284|
21|5|10|35||285|
21|5|10|35||286|
21|5|10|35||287|
21|5|10|35||288|
21|5|10|35||289|
21|5|10|35||290|
21|5|10|35||291|
21|5|10|35||292|
21|5|10|35||293|
21|5|10|42||325|
21|5|10|42||326|
21|5|10|42|902|327|9005
21|5|10|42||327|9004
21|5|10|42||328|
21|5|10|42||329|
21|5|10|42||330|
21|5|10|42||331|
21|5|10|42||332|
21|5|10|42||333|
21|5|10|42||334|
21|5|10|42||335|
21|5|10|42||336|
21|5|10|42||337|
21|5|10|42||338|
21|5|10|42|903|339|9003
21|5|4|49||415|
21|5|4|49||416|
21|5|4|49||417|
21|5|4|49||418|
21|5|4|49||419|
21|5|4|49||420|
21|5|4|49||421|
21|5|4|49||422|
21|5|4|61||515|
21|5|4|61||516|
21|5|4|61||517|
21|5|4|76||651|
21|5|4|76||652|
21|5|4|76||653|
21|5|4|76||654|
21|5|4|76||655|
21|5|4|76||656|
21|5|4|76||657|
21|5|4|76||658|
21|5|4|76||659|
21|5|4|76||660|
21|5|4|76||661|
21|5|4|76||662|
21|5|4|76||663|
21|5|4|76||664|
21|5|4|76||665|
21|5|4|76||666|
21|5|4|76||667|
21|5|4|76||668|
21|5|4|76||669|
21|5|4|76||670|
21|5|4|76||671|
21|5|4|76||672|
21|5|10|92||786|
21|5|10|92||787|
21|5|10|92||788|
21|5|10|92||789|
21|5|10|92||790|
21|5|10|92||791|
21|5|4|123||1677|
21|5|4|123||1678|
21|5|4|123||1679|
21|5|4|123||1680|
21|5|4|123||1681|
21|5|4|133||1720|
21|5|4|133||1721|
21|5|4|133||1722|
21|5|4|133||1723|
21|5|4|133||1724|
21|5|4|133||1725|
21|5|4|133||1726|
21|5|4|133||1727|
21|5|4|133||1728|
21|5|4|133||1729|
21|5|4|133||1730|
21|5|4|133||1731|
21|5|4|133||1732|
21|5|4|133||1733|
21|5|4|133||1734|
21|5|4|133||1735|
21|5|4|133||1736|
21|5|4|133||1737|
21|5|4|133||1738|
21|5|4|133||1739|
21|5|4|133||1740|
21|5|4|133||1741|
21|5|4|133||1742|
21|5|4|133||1743|
21|5|4|133||1744|
21|5|4|133||1745|
21|5|4|133||1746|
21|5|4|133||1747|
21|5|4|133||1748|
21|5|4|133||1749|
21|5|4|133||1750|
21|5|4|133||1751|
21|5|4|133||1752|
21|5|4|133||1753|
21|5|4|133||1754|
21|5|4|133||1755|
21|5|4|133||1756|
21|5|4|133||1757|
21|5|4|133||1758|
21|5|4|133||1759|
21|5|4|133||1760|
21|5|4|133||1761|
21|5|4|133||1762|
21|5|4|133||1763|
21|5|4|133||1764|
21|5|4|133||1765|
21|5|4|133||1766|
21|5|4|133||1767|
21|5|4|133||1768|
21|5|4|133||1769|
21|5|4|133||1770|
21|5|4|133||1771|
21|5|4|133||1772|
21|5|4|133||1773|
21|5|4|135||1775|
21|5|4|135||1776|
21|5|4|135||1777|
21|5|4|135||1778|
21|5|4|135||1779|
21|5|4|135||1780|
21|5|4|135||1781|
21|5|4|135||1782|
21|5|4|135||1783|
21|5|10|137||1785|
21|5|10|137||1786|
21|5|10|137||1787|
21|5|10|137||1788|
21|5|4|139||1793|
21|5|4|139||1794|
21|5|4|139||1795|
21|5|4|139||1796|
21|5|4|139||1797|
21|5|4|144||1858|
21|5|4|144||1859|
21|5|4|144||1860|
21|5|4|144||1861|
21|5|4|144||1862|
21|5|4|144||1863|
21|5|4|144||1864|
21|5|4|144||1865|
21|5|4|144||1866|
21|5|4|144||1867|
21|5|4|180||2233|
21|5|4|180||2234|
21|5|4|180||2235|
21|5|4|180||2236|
21|5|4|180||2237|
21|5|4|180||2238|
21|5|4|180||2239|
21|5|4|180||2240|
21|5|4|180||2241|
21|5|4|180||2242|
21|5|4|180||2243|
21|5|4|180||2244|
21|5|4|180||2245|
21|5|4|180||2246|
21|5|4|180||2247|
21|5|10|181||2248|
21|5|10|181||2249|
21|5|10|181||2250|
21|5|13|901||2549|
21|6|14|115||1261|
21|6|14|115||1262|
21|6|14|115||1263|
21|6|14|115||1264|
21|6|14|115||1265|
21|6|14|115||1266|
21|6|14|115||1267|
21|6|14|115||1268|
21|6|14|115||1269|
21|6|14|115||1270|
21|6|14|115||1271|
21|6|14|115||1272|
21|6|14|115||1273|
21|6|14|115||1274|
21|6|14|115||1275|
21|6|14|115||1276|
21|6|14|115||1277|
21|6|14|115||1278|
21|6|14|115||1279|
21|6|14|115||1280|
21|6|14|115||1281|
21|6|14|115||1282|
21|6|14|115||1283|
21|6|14|115||1284|
21|6|14|115||1285|
21|6|14|115||1286|
21|6|14|115||1287|
21|6|14|115||1288|
21|6|14|115||1289|
21|6|14|115||1290|
21|6|14|115||1291|
21|6|14|115||1292|
21|6|14|115||1293|
21|6|14|115||1294|
21|6|14|115||1295|
21|6|14|115||1296|
21|6|14|115||1297|
21|6|14|115||1298|
21|6|14|115||1299|
21|6|14|115||1300|
21|6|14|115||1301|
21|6|11|115||1302|
21|6|11|115||1303|
21|6|14|115||1304|
21|6|14|115||1305|
21|6|14|115||1306|
21|6|14|115||1307|
21|6|14|115||1308|
21|6|14|115||1313|
21|6|14|115||1314|
21|6|14|115||1315|
21|6|14|115||1316|
21|6|14|115||1317|
21|6|11|115||1318|
21|6|11|115||1319|
21|6|14|115||1320|
21|6|14|115||1321|
21|6|14|115||1322|
21|6|14|115||1323|
21|6|14|115||1324|
21|6|14|115||1325|
21|6|14|115||1331|
21|6|14|115||1332|
21|6|14|115||1333|
21|6|14|115||1334|
21|6|14|115||1335|
21|6|14|115||1336|
21|6|14|115||1337|
21|6|11|115||1338|
21|6|11|115||1339|
21|6|11|115||1340|
21|6|11|115||1341|
21|6|11|115||1342|
21|6|14|115||1343|
21|6|14|115||1344|
21|6|14|115||1345|
21|6|14|115||1346|
21|6|14|115||1347|
21|6|14|115||1353|
21|6|11|115||1354|
21|6|11|115||1355|
21|6|11|115||1356|
21|6|11|115||1357|
21|6|11|115||1358|
21|6|11|115||1359|
21|6|14|115||1360|
21|6|14|115||1361|
21|6|14|115||1362|
21|6|14|115||1370|
21|6|11|115||1371|
21|6|11|115||1372|
21|6|11|115||1373|
21|6|11|115||1374|
21|6|14|115||1375|
21|6|14|115||1376|
21|6|14|115||1382|
21|6|11|115||1383|
21|6|11|115||1384|
21|6|11|115||1385|
21|6|11|115||1386|
21|6|14|115||1387|
21|6|14|115||1388|
21|6|14|115||1389|
21|6|11|115||1396|
21|6|11|115||1397|
21|6|11|115||1398|
21|6|11|115||1399|
21|6|11|115||1400|
21|6|11|115||1401|
21|6|11|115||1402|
21|6|11|115||1403|
21|6|11|115||1404|
21|6|11|115||1405|
21|6|14|115||1408|
21|6|14|115||1410|
21|6|11|115||1411|
21|6|14|115||1412|
21|6|14|115||1413|
21|6|11|115||1414|
21|6|11|115||1415|
21|6|9|115|900|1416|9000
21|6|11|115||1417|
21|6|14|115||1418|
21|6|14|115||1419|
21|6|11|115||1420|
21|6|14|115||1421|
21|6|14|115||1422|
21|6|11|115||1541|
21|6|11|115||1542|
21|6|11|115||1543|
21|6|11|115||1544|
21|6|11|115||1545|
21|6|11|115||1546|
21|6|11|115||1547|
21|6|11|115||1548|
21|6|11|115||1549|
21|6|11|115||1550|
21|6|11|115||1551|
21|6|11|115||1568|
21|6|11|115||1569|
21|6|11|115||1570|
21|6|11|115||1571|
21|6|11|115||1572|
21|6|11|115||1573|
21|6|11|115||1574|
21|6|11|115||1575|
21|6|11|115||1576|
21|6|11|115||1577|
21|6|11|115||1578|
21|6|11|115||1579|
21|6|11|115||1580|
21|6|11|115||1581|
21|6|11|115||1582|
21|6|11|115||1583|
21|6|11|115||1584|
21|6|11|115||1585|
21|6|11|115||1586|
21|6|11|115||1587|
21|6|11|115||1588|
21|6|11|115||1589|
21|6|11|115||1594|
21|6|11|115||1595|
21|6|11|115||1596|
21|6|11|115||1597|
21|6|11|115||1598|
21|6|11|115||1601|
21|7|9|1||1|
21|7|9|1||2|
21|7|9|1||3|
21|7|9|1||4|
21|7|9|1||5|
21|7|9|1||6|
21|7|9|1||7|
21|7|9|1||8|
21|7|9|1||9|
21|7|9|1||10|
21|7|9|1||11|
21|7|9|1||12|
21|7|9|1||13|
21|7|9|1||14|
21|7|9|1||15|
21|7|9|1||16|
21|7|9|1||17|
21|7|9|1||18|
21|7|9|1||19|
21|7|9|4||45|
21|7|9|4||46|
21|7|9|4||47|
21|7|9|4||48|
21|7|9|4||49|
21|7|9|4||50|
21|7|9|4||51|
21|7|9|4||52|
21|7|9|4||53|
21|7|9|4||54|
21|7|9|4||55|
21|7|9|4||56|
21|7|9|4||57|
21|7|9|4||58|
21|7|9|4||59|
21|7|9|4||60|
21|7|9|15||116|
21|7|9|15||117|
21|7|9|15||118|
21|7|9|15||119|
21|7|9|15||120|
21|7|9|15||121|
21|7|9|15||122|
21|7|9|15||123|
21|7|9|15||124|
21|7|9|15||125|
21|7|9|15||126|
21|7|9|15||127|
21|7|9|15||128|
21|7|9|15||129|
21|7|9|15||130|
21|7|9|15||131|
21|7|9|15||132|
21|7|9|15||133|
21|7|9|39||317|
21|7|9|39||318|
21|7|9|41||323|
21|7|9|41||324|
21|7|8|66||544|
21|7|8|66||545|
21|7|8|66||546|
21|7|8|66||547|
21|7|8|66||548|
21|7|8|66||549|
21|7|8|66||550|
21|7|2|98||821|
21|7|2|98||822|
21|7|9|99||823|
21|7|9|99||824|
21|7|9|119||1643|
21|7|9|119||1644|
21|7|9|119||1645|
21|7|9|119||1646|
21|7|9|119||1647|
21|7|9|119||1648|
21|7|9|119||1649|
21|7|9|119||1650|
21|7|9|145||1868|
21|7|9|145||1869|
21|7|9|145||1870|
21|7|9|145||1871|
21|7|9|150||1888|
21|7|9|150||1889|
21|7|9|150||1890|
21|7|2|151||1891|
21|7|2|151||1892|
21|7|2|151||1893|
21|7|2|151||1894|
21|7|2|151||1895|
21|7|2|151||1896|
21|7|9|152||1897|
21|7|9|152||1898|
21|7|9|152||1899|
21|7|9|152||1900|
21|7|9|152||1901|
21|7|9|152||1902|
21|7|9|152||1903|
21|7|9|152||1904|
21|7|9|152||1905|
21|7|9|162||2051|
21|7|9|162||2052|
21|7|9|162||2053|
21|7|9|162||2054|
21|7|9|162||2055|
21|7|9|162||2056|
21|7|9|162||2057|
21|7|9|163||2058|
21|7|9|163||2059|
21|7|9|163||2060|
21|7|9|163||2061|
21|7|9|163||2062|
21|7|9|163||2063|
21|7|9|163||2064|
21|7|9|163||2065|
21|7|9|163||2066|
21|7|9|163||2067|
21|7|9|163||2068|
21|7|9|163||2069|
21|7|9|163||2070|
21|7|9|163||2071|
21|7|9|163||2072|
21|7|9|163||2073|
21|7|9|163||2074|
21|7|9|163||2075|
21|7|9|163||2076|
21|7|9|163||2077|
21|7|9|163||2078|
21|7|9|163||2079|
21|7|9|163||2080|
21|7|9|163||2081|
21|7|9|182||2251|
21|7|9|182||2252|
21|7|7|189||2310|
21|7|7|189||2311|
21|7|7|189||2312|
21|7|7|189||2313|
21|7|7|189||2314|
21|7|7|189||2315|
21|7|7|189||2316|
21|8|8|12||103|
21|8|8|12||104|
21|8|8|12||105|
21|8|8|12||106|
21|8|8|23||234|
21|8|8|23||235|
21|8|8|23||236|
21|8|8|23||237|
21|8|8|23||238|
21|8|6|29||262|
21|8|6|29||263|
21|8|6|29||264|
21|8|6|29||265|
21|8|6|29||266|
21|8|6|29||267|
21|8|6|29||268|
21|8|6|29||269|
21|8|6|29||270|
21|8|8|46||371|
21|8|8|46||372|
21|8|8|46||373|
21|8|8|46||374|
21|8|8|46||375|
21|8|8|46||376|
21|8|8|46||377|
21|8|8|46||378|
21|8|8|46||379|
21|8|8|46||380|
21|8|8|46||381|
21|8|8|46||382|
21|8|8|46||383|
21|8|8|46||384|
21|8|8|46||385|
21|8|8|46||386|
21|8|8|46||387|
21|8|8|46||388|
21|8|8|46||389|
21|8|8|46||390|
21|8|8|46||391|
21|8|8|46||392|
21|8|8|46||393|
21|8|8|46||394|
21|8|6|47||395|
21|8|6|47||396|
21|8|6|47||397|
21|8|8|64||526|
21|8|8|64||527|
21|8|8|64||528|
21|8|8|64||529|
21|8|8|64||530|
21|8|8|64||531|
21|8|8|64||532|
21|8|8|64||533|
21|8|8|64||534|
21|8|6|104||842|
21|8|6|104||843|
21|8|6|104||844|
21|8|6|104||845|
21|8|8|111||897|
21|8|8|111||898|
21|8|8|111||899|
21|8|8|111||900|
21|8|8|111||901|
21|8|8|111||902|
21|8|8|111||903|
21|8|8|111||904|
21|8|8|111||905|
21|8|8|111||906|
21|8|8|111||907|
21|8|8|111||908|
21|8|8|111||909|
21|8|8|111||910|
21|8|8|111||911|
21|8|8|116||1610|
21|8|8|116||1611|
21|8|8|116||1612|
21|8|8|116||1613|
21|8|8|116||1614|
21|8|8|116||1615|
21|8|8|116||1616|
21|8|8|116||1617|
21|8|8|116||1618|
21|8|8|116||1619|
21|8|8|116||1620|
21|8|8|116||1621|
21|8|8|116||1622|
21|8|8|116||1623|
21|8|8|116||1624|
21|8|8|116||1625|
21|8|8|131||1715|
21|8|8|131||1716|
21|8|8|131||1717|
21|8|8|131||1718|
21|8|6|149||1882|
21|8|6|149||1883|
21|8|6|149||1884|
21|8|6|149||1885|
21|8|6|149||1886|
21|8|6|149||1887|
21|8|8|153||1906|
21|8|8|153||1907|
21|8|8|153||1908|
21|8|8|153||1909|
21|8|8|153||1910|
21|8|8|153||1911|
21|8|8|153||1912|
21|8|8|153||1913|
21|8|8|153||1914|
21|8|8|153||1915|
21|8|8|153||1916|
21|8|8|153||1917|
21|8|8|153||1918|
21|8|8|153||1919|
21|8|8|153||1920|
21|8|8|153||1921|
21|8|8|153||1922|
21|8|8|153||1923|
21|8|8|153||1924|
21|8|8|153||1925|
21|8|8|153||1926|
21|8|8|153||1927|
21|8|8|153||1928|
21|8|8|179||2219|
21|8|8|179||2220|
21|8|8|179||2221|
21|8|8|179||2222|
21|8|8|179||2223|
21|8|8|179||2224|
21|8|8|179||2225|
21|8|8|179||2226|
21|8|8|179||2227|
21|8|8|179||2228|
21|8|8|179||2229|
21|8|8|179||2230|
21|8|8|179||2231|
21|8|8|179||2232|
21|8|1|195||2349|
21|8|1|195||2350|
21|8|1|195||2351|
21|8|1|195||2352|
21|8|1|195||2353|
21|8|1|195||2354|
21|8|1|195||2355|
21|8|1|195||2356|
21|8|1|195||2357|
21|8|1|195||2358|
21|8|1|195||2359|
21|8|8|205||2420|
21|8|8|205||2421|
21|8|8|205||2422|
21|8|8|205||2423|
21|8|8|205||2424|
21|8|8|205||2425|
21|8|8|205||2426|
21|8|8|205||2427|
21|8|8|205||2428|
21|9|14|115||933|
21|9|14|115||934|
21|9|14|115||935|
21|9|14|115||936|
21|9|14|115||937|
21|9|13|115||938|
21|9|13|115||939|
21|9|13|115||940|
21|9|13|115||941|
21|9|13|115||942|
21|9|13|115||943|
21|9|13|115||944|
21|9|13|115||945|
21|9|13|115||946|
21|9|13|115||947|
21|9|13|115||948|
21|9|13|115||949|
21|9|13|115||950|
21|9|13|115||951|
21|9|13|115||952|
21|9|13|115||953|
21|9|13|115||954|
21|9|13|115||955|
21|9|13|115||956|
21|9|13|115||957|
21|9|13|115||958|
21|9|13|115||959|
21|9|13|115||960|
21|9|13|115||961|
21|9|13|115||962|
21|9|13|115||963|
21|9|13|115||964|
21|9|14|115||965|
21|9|14|115||966|
21|9|14|115||967|
21|9|14|115||968|
21|9|14|115||969|
21|9|14|115||970|
21|9|14|115||971|
21|9|13|115||972|
21|9|13|115||973|
21|9|13|115||974|
21|9|13|115||975|
21|9|13|115||976|
21|9|13|115||977|
21|9|13|115||978|
21|9|13|115||979|
21|9|13|115||980|
21|9|13|115||981|
21|9|13|115||982|
21|9|13|115||983|
21|9|13|115||984|
21|9|13|115||985|
21|9|13|115||986|
21|9|14|115||987|
21|9|14|115||988|
21|9|14|115||989|
21|9|14|115||990|
21|9|14|115||991|
21|9|14|115||992|
21|9|14|115||993|
21|9|13|115||994|
21|9|13|115||995|
21|9|13|115||996|
21|9|13|115||997|
21|9|13|115||998|
21|9|13|115||999|
21|9|13|115||1000|
21|9|13|115||1001|
21|9|13|115||1002|
21|9|13|115||1003|
21|9|13|115||1004|
21|9|13|115||1005|
21|9|13|115||1006|
21|9|13|115||1007|
21|9|13|115||1008|
21|9|13|115||1009|
21|9|13|115||1010|
21|9|13|115||1011|
21|9|13|115||1012|
21|9|13|115||1013|
21|9|13|115||1014|
21|9|13|115||1015|
21|9|13|115||1016|
21|9|13|115||1017|
21|9|13|115||1018|
21|9|13|115||1019|
21|9|14|115||1020|
21|9|14|115||1021|
21|9|14|115||1022|
21|9|14|115||1023|
21|9|14|115||1024|
21|9|13|115||1025|
21|9|13|115||1026|
21|9|13|115||1027|
21|9|13|115||1028|
21|9|13|115||1029|
21|9|13|115||1030|
21|9|13|115||1031|
21|9|13|115||1032|
21|9|13|115||1033|
21|9|13|115||1034|
21|9|13|115||1035|
21|9|13|115||1036|
21|9|13|115||1037|
21|9|13|115||1038|
21|9|14|115||1039|
21|9|14|115||1040|
21|9|13|115||1041|
21|9|13|115||1042|
21|9|13|115||1043|
21|9|13|115||1044|
21|9|13|115||1045|
21|9|13|115||1046|
21|9|13|115||1047|
21|9|13|115||1048|
21|9|13|115||1049|
21|9|13|115||1050|
21|9|13|115||1051|
21|9|13|115||1052|
21|9|13|115||1053|
21|9|13|115||1054|
21|9|13|115||1055|
21|9|13|115||1056|
21|9|13|115||1057|
21|9|13|115||1058|
21|9|13|115||1059|
21|9|13|115||1060|
21|9|13|115||1061|
21|9|13|115||1062|
21|9|13|115||1063|
21|9|13|115||1064|
21|9|14|115||1065|
21|9|13|115||1066|
21|9|13|115||1067|
21|9|13|115||1068|
21|9|13|115||1069|
21|9|13|115||1070|
21|9|13|115||1071|
21|9|13|115||1072|
21|9|13|115||1073|
21|9|13|115||1074|
21|9|13|115||1075|
21|9|13|115||1076|
21|9|13|115||1077|
21|9|13|115||1078|
21|9|13|115||1079|
21|9|14|115||1309|
21|9|14|115||1310|
21|9|14|115||1311|
21|9|14|115||1312|
21|9|14|115||1326|
21|9|14|115||1327|
21|9|14|115||1328|
21|9|14|115||1329|
21|9|14|115||1330|
21|9|14|115||1348|
21|9|14|115||1349|
21|9|14|115||1350|
21|9|14|115||1351|
21|9|14|115||1352|
21|9|14|115||1363|
21|9|14|115||1364|
21|9|14|115||1365|
21|9|14|115||1366|
21|9|14|115||1367|
21|9|14|115||1368|
21|9|14|115||1369|
21|9|14|115||1377|
21|9|14|115||1378|
21|9|14|115||1379|
21|9|14|115||1380|
21|9|14|115||1381|
21|9|14|115||1390|
21|9|14|115||1391|
21|9|14|115||1392|
21|9|14|115||1393|
21|9|14|115||1394|
21|9|14|115||1395|
21|9|14|115||1406|
21|9|14|115||1407|
21|9|14|115||1409|
21|10|5|19||154|
21|10|5|19||155|
21|10|5|19||156|
21|10|5|19||157|
21|10|5|19||158|
21|10|5|19||159|
21|10|5|19||160|
21|10|5|19||161|
21|10|5|19||162|
21|10|5|19||163|
21|10|5|19||164|
21|10|5|19||165|
21|10|5|19||166|
21|10|5|19||167|
21|10|5|19||168|
21|10|5|19||169|
21|10|5|19||170|
21|10|5|19||171|
21|10|5|19||172|
21|10|5|19||173|
21|10|5|19||174|
21|10|5|19||175|
21|10|5|19||176|
21|10|5|19||177|
21|10|5|19||178|
21|10|5|19||179|
21|10|5|19||180|
21|10|5|19||181|
21|10|5|19||182|
21|10|5|19||183|
21|10|5|19||184|
21|10|5|19||185|
21|10|5|19||186|
21|10|5|19||187|
21|10|5|19||188|
21|10|5|19||189|
21|10|5|19||190|
21|10|5|19||191|
21|10|5|19||192|
21|10|5|19||193|
21|10|5|19||194|
21|10|5|19||195|
21|10|5|19||196|
21|10|5|19||197|
21|10|5|19||198|
21|10|5|19||199|
21|10|5|19||200|
21|10|5|19||201|
21|10|5|19||202|
21|10|5|19||203|
21|10|5|19||204|
21|10|5|19||205|
21|10|5|19||206|
21|10|5|19||207|
21|10|5|19||208|
21|10|5|19||209|
21|10|5|19||210|
21|10|5|19||211|
21|10|5|19||212|
21|10|5|19||213|
21|10|5|19||214|
21|10|5|19||215|
21|10|5|19||216|
21|10|5|19||217|
21|10|5|19||218|
21|10|5|19||219|
21|10|5|19||220|
21|10|5|19||221|
21|10|5|22||225|
21|10|5|22||226|
21|10|5|22||227|
21|10|5|22||228|
21|10|5|22||229|
21|10|5|22||230|
21|10|5|22||231|
21|10|5|22||232|
21|10|5|22||233|
21|10|4|103||838|
21|10|4|103||839|
21|10|4|103||840|
21|10|4|103||841|
21|10|10|107||857|
21|10|10|107||858|
21|10|10|107||859|
21|10|10|107||860|
21|10|10|107||861|
21|10|10|107||862|
21|10|10|107||863|
21|10|10|107||864|
21|10|10|107||865|
21|10|10|107||866|
21|10|10|120||1651|
21|10|10|120||1652|9001
21|10|10|120||1653|
21|10|10|120||1654|
21|10|10|120||1655|
21|10|10|120||1656|
21|10|10|120||1657|
21|10|10|120||1658|
21|10|10|120||1659|
21|10|10|120||1660|
21|10|10|120||1661|
21|10|10|120||1662|
21|10|10|120||1663|
21|10|10|120||1664|
21|10|10|120||1665|
21|10|10|120||1666|
21|10|10|120||1667|
21|10|10|120||1668|
21|10|10|120||1669|
21|10|10|120||1670|
21|10|10|120||1671|
21|10|10|126||1691|
21|10|10|126||1692|
21|10|10|126||1693|
21|10|10|126||1694|
21|10|10|127||1695|
21|10|10|127||1696|
21|10|10|127||1697|
21|10|10|141||1800|
21|10|10|141||1801|
21|10|10|141||1802|
21|10|10|141||1803|
21|10|10|141||1804|
21|10|10|141||1805|
21|10|10|141||1806|
21|10|10|141||1807|
21|10|10|141||1808|
21|10|10|141||1809|
21|10|10|141||1810|
21|10|10|141||1811|
21|10|10|141||1812|
21|10|10|141||1813|
21|10|10|141||1814|
21|10|10|141||1815|
21|10|10|141||1816|
21|10|10|141||1817|
21|10|10|141||1818|
21|10|10|141||1819|
21|10|10|141||1820|
21|10|10|141||1821|
21|10|10|141||1822|
21|10|10|141||1823|
21|10|10|141||1824|
21|10|10|141||1825|
21|10|10|141||1826|
21|10|10|141||1827|
21|10|10|141||1828|
21|10|10|141||1829|
21|10|10|141||1830|
21|10|10|141||1831|
21|10|10|141||1832|
21|10|10|141||1833|
21|10|10|141||1834|
21|10|10|141||1835|
21|10|10|141||1836|
21|10|10|141||1837|
21|10|10|141||1838|
21|10|10|141||1839|
21|10|10|141||1840|
21|10|10|141||1841|
21|10|10|141||1842|
21|10|10|141||1843|
21|10|10|141||1844|
21|10|10|141||1845|
21|10|5|148||1877|
21|10|5|148||1878|
21|10|5|148||1879|
21|10|5|148||1880|
21|10|5|148||1881|
21|10|5|174||2175|
21|10|5|174||2176|
21|10|5|174||2177|
21|10|5|174||2178|
21|10|5|174||2179|
21|10|5|174||2180|
21|10|5|188||2299|
21|10|5|188||2300|
21|10|5|188||2301|
21|10|5|188||2302|
21|10|5|188||2303|
21|10|5|188||2304|
21|10|5|188||2305|
21|10|5|188||2306|
21|10|5|188||2307|
21|10|5|188||2308|
21|10|5|188||2309|
21|11|14|115||1082|
21|11|14|115||1083|
21|11|14|115||1084|
21|11|13|115||1085|
21|11|13|115||1086|
21|11|13|115||1087|
21|11|13|115||1088|
21|11|13|115||1089|
21|11|13|115||1090|
21|11|13|115||1091|
21|11|13|115||1092|
21|11|13|115||1093|
21|11|13|115||1094|
21|11|13|115||1095|
21|11|13|115||1096|
21|11|13|115||1097|
21|11|13|115||1098|
21|11|13|115||1099|
21|11|13|115||1100|
21|11|13|115||1101|
21|11|13|115||1102|
21|11|13|115||1103|
21|11|13|115||1104|
21|11|13|115||1105|
21|11|14|115||1106|
21|11|14|115||1107|
21|11|14|115||1108|
21|11|14|115||1113|
21|11|14|115||1114|
21|11|14|115||1115|
21|11|14|115||1116|
21|11|14|115||1117|
21|11|14|115||1118|
21|11|14|115||1119|
21|11|13|115||1120|
21|11|13|115||1121|
21|11|13|115||1122|
21|11|13|115||1123|
21|11|13|115||1124|
21|11|13|115||1125|
21|11|13|115||1126|
21|11|13|115||1127|
21|11|13|115||1128|
21|11|13|115||1129|
21|11|13|115||1130|
21|11|13|115||1131|
21|11|13|115||1132|
21|11|13|115||1133|
21|11|13|115||1134|
21|11|13|115||1135|
21|11|13|115||1136|
21|11|13|115||1137|
21|11|14|115||1138|
21|11|14|115||1139|
21|11|14|115||1140|
21|11|14|115||1141|
21|11|14|115||1143|
21|11|14|115||1144|
21|11|14|115||1145|
21|11|14|115||1146|
21|11|14|115||1147|
21|11|13|115||1148|
21|11|13|115||1149|
21|11|13|115||1150|
21|11|13|115||1151|
21|11|13|115||1152|
21|11|13|115||1153|
21|11|13|115||1154|
21|11|13|115||1155|
21|11|13|115||1156|
21|11|13|115||1157|
21|11|13|115||1158|
21|11|14|115||1159|
21|11|14|115||1160|
21|11|14|115||1161|
21|11|14|115||1162|
21|11|12|115||1163|
21|11|14|115||1164|
21|11|12|115||1165|
21|11|12|115||1166|
21|11|12|115||1167|
21|11|12|115||1168|
21|11|12|115||1169|
21|11|12|115||1170|
21|11|12|115||1171|
21|11|12|115||1172|
21|11|12|115||1173|
21|11|12|115||1174|
21|11|12|115||1175|
21|11|12|115||1176|
21|11|12|115||1177|
21|11|12|115||1178|
21|11|12|115||1179|
21|11|12|115||1180|
21|11|12|115||1182|
21|11|12|115||1183|
21|11|12|115||1184|
21|11|12|115||1185|
21|11|12|115||1186|
21|11|12|115||1187|
21|11|12|115||1188|
21|11|12|115||1189|
21|11|12|115||1190|
21|11|12|115||1191|
21|11|12|115||1192|
21|11|12|115||1193|
21|11|12|115||1194|
21|11|12|115||1195|
21|11|12|115||1196|
21|11|12|115||1201|
21|11|12|115||1202|
21|11|12|115||1203|
21|11|12|115||1204|
21|11|12|115||1205|
21|11|12|115||1206|
21|11|12|115||1207|
21|11|12|115||1208|
21|11|12|115||1209|
21|11|12|115||1210|
21|11|12|115||1211|
21|11|12|115||1212|
21|11|12|115||1215|
21|11|12|115||1216|
21|11|12|115||1217|
21|11|12|115||1218|
21|11|12|115||1219|
21|11|12|115||1220|
21|11|12|115||1221|
21|11|12|115||1222|
21|11|12|115||1223|
21|11|12|115||1224|
21|11|12|115||1225|
21|11|12|115||1226|
21|11|12|115||1227|
21|11|12|115||1228|
21|11|12|115||1229|
21|11|12|115||1230|
21|11|12|115||1231|
21|11|12|115||1232|
21|11|12|115||1233|
21|11|12|115||1234|
21|11|12|115||1235|
21|11|12|115||1236|
21|11|12|115||1237|
21|11|12|115||1238|
21|11|12|115||1239|
21|11|12|115||1240|
21|11|12|115||1241|
21|11|12|115||1242|
21|11|12|115||1243|
21|11|12|115||1244|
21|11|12|115||1245|
21|11|12|115||1246|
21|11|12|115||1247|
21|11|12|115||1248|
21|11|12|115||1249|
21|11|12|115||1250|
21|11|12|115||1251|
21|11|12|115||1252|
21|11|12|115||1253|
21|11|12|115||1254|
21|11|12|115||1255|
21|11|12|115||1259|
21|12|14|115||1080|
21|12|14|115||1081|
21|12|14|115||1109|
21|12|14|115||1110|
21|12|14|115||1111|
21|12|14|115||1112|
21|12|14|115||1142|
21|12|12|115||1181|
21|12|12|115||1197|
21|12|12|115||1198|
21|12|12|115||1199|
21|12|12|115||1200|
21|12|12|115||1213|
21|12|12|115||1214|
21|12|12|115||1256|
21|12|12|115||1257|
21|12|12|115||1258|
21|12|12|115||1260|
21|12|14|115||1423|
21|12|14|115||1424|
21|12|14|115||1425|
21|12|14|115||1426|
21|12|14|115||1427|
21|12|14|115||1428|
21|12|14|115||1429|
21|12|14|115||1430|
21|12|14|115||1431|
21|12|14|115||1432|
21|12|14|115||1433|
21|12|14|115||1434|
21|12|14|115||1435|
21|12|14|115||1436|
21|12|14|115||1437|
21|12|14|115||1438|
21|12|14|115||1439|
21|12|14|115||1440|
21|12|14|115||1441|
21|12|14|115||1442|
21|12|11|115||1443|
21|12|11|115||1444|
21|12|11|115||1445|
21|12|11|115||1446|
21|12|14|115||1447|
21|12|14|115||1448|
21|12|14|115||1449|
21|12|14|115||1450|
21|12|14|115||1451|
21|12|14|115||1452|
21|12|14|115||1453|
21|12|14|115||1454|
21|12|14|115||1455|
21|12|14|115||1456|
21|12|11|115||1457|
21|12|11|115||1458|
21|12|11|115||1459|
21|12|11|115||1460|
21|12|11|115||1461|
21|12|11|115||1462|
21|12|11|115||1463|
21|12|11|115||1464|
21|12|11|115||1465|
21|12|11|115||1466|
21|12|11|115||1467|
21|12|11|115||1468|
21|12|11|115||1469|
21|12|11|115||1470|
21|12|14|115||1471|
21|12|14|115||1472|
21|12|14|115||1473|
21|12|14|115||1474|
21|12|14|115||1475|
21|12|14|115||1476|
21|12|14|115||1477|
21|12|14|115||1478|
21|12|14|115||1479|
21|12|11|115||1480|
21|12|11|115||1481|
21|12|11|115||1482|
21|12|11|115||1483|
21|12|11|115||1484|
21|12|11|115||1485|
21|12|11|115||1486|
21|12|11|115||1487|
21|12|11|115||1488|
21|12|11|115||1489|
21|12|11|115||1490|
21|12|11|115||1491|
21|12|11|115||1492|
21|12|11|115||1493|
21|12|11|115||1494|
21|12|11|115||1495|
21|12|11|115||1496|
21|12|11|115||1497|
21|12|11|115||1498|
21|12|11|115||1499|
21|12|11|115||1500|
21|12|11|115||1501|
21|12|14|115||1502|
21|12|14|115||1503|
21|12|14|115||1504|
21|12|14|115||1505|
21|12|14|115||1506|
21|12|12|115||1507|
21|12|14|115||1508|
21|12|12|115||1509|
21|12|12|115||1510|
21|12|12|115||1511|
21|12|11|115||1512|
21|12|11|115||1513|
21|12|11|115||1514|
21|12|11|115||1515|
21|12|11|115||1516|
21|12|11|115||1517|
21|12|11|115||1518|
21|12|11|115||1519|
21|12|11|115||1520|
21|12|11|115||1521|
21|12|11|115||1522|
21|12|11|115||1523|
21|12|11|115||1524|
21|12|11|115||1525|
21|12|11|115||1526|
21|12|11|115||1527|
21|12|11|115||1528|
21|12|11|115||1529|
21|12|11|115||1530|
21|12|11|115||1531|
21|12|11|115||1532|
21|12|11|115||1533|
21|12|12|115||1534|
21|12|12|115||1535|
21|12|12|115||1536|
21|12|12|115||1537|
21|12|11|115||1538|
21|12|11|115||1539|
21|12|11|115||1540|
21|12|11|115||1552|
21|12|11|115||1553|
21|12|11|115||1554|
21|12|12|115||1555|
21|12|12|115||1556|
21|12|12|115||1557|
21|12|12|115||1558|
21|12|12|115||1559|
21|12|12|115||1560|
21|12|12|115||1561|
21|12|12|115||1562|
21|12|12|115||1563|
21|12|11|115||1564|
21|12|11|115||1565|
21|12|11|115||1566|
21|12|11|115||1567|
21|12|12|115||1590|
21|12|12|115||1591|
21|12|12|115||1592|
21|12|11|115||1593|
21|12|12|115||1599|
21|12|12|115||1600|
21|12|12|115||1602|
21|12|11|115||1603|
21|12|11|115||1604|
21|12|11|115||1605|
21|12|12|115||1606|
21|12|12|115||1607|
21|12|12|115||1608|
21|12|12|115||1609|
21|13|1|3||28|
21|13|1|3||29|
21|13|1|3||30|
21|13|1|3||31|
21|13|1|3||32|
21|13|1|3||33|
21|13|1|3||34|
21|13|1|3||35|
21|13|1|3||36|
21|13|1|3||37|
21|13|1|3||38|
21|13|1|3||39|
21|13|1|3||40|
21|13|1|3||41|
21|13|1|3||42|
21|13|1|3||43|
21|13|1|3||44|
21|13|7|9||79|
21|13|1|18||148|
21|13|1|18||149|
21|13|1|18||150|
21|13|1|18||151|
21|13|1|18||152|
21|13|1|18||153|
21|13|7|20||222|
21|13|7|20||223|
21|13|5|24||239|
21|13|5|24||240|
21|13|1|38||314|
21|13|1|38||315|
21|13|1|38||316|
21|13|7|43||340|
21|13|7|43||341|
21|13|7|43||342|
21|13|7|43||343|
21|13|7|53||459|
21|13|7|53||460|
21|13|1|56||496|
21|13|1|56||497|
21|13|1|56||498|
21|13|1|56||499|
21|13|7|60||512|
21|13|7|60||513|
21|13|7|60||514|
21|13|1|67||551|
21|13|1|67||552|
21|13|1|67||553|
21|13|1|67||554|
21|13|7|71||588|
21|13|7|71||589|
21|13|7|71||590|
21|13|7|71||591|
21|13|7|71||592|
21|13|7|71||593|
21|13|7|75||646|
21|13|7|75||647|
21|13|7|75||648|
21|13|7|75||649|
21|13|7|75||650|
21|13|7|81||701|
21|13|7|81||702|
21|13|7|81||703|
21|13|7|84||709|
21|13|7|84||710|
21|13|7|84||711|
21|13|7|94||797|
21|13|7|94||798|
21|13|7|94||799|
21|13|7|94||800|
21|13|7|97||820|
21|13|7|100||825|
21|13|7|100||826|
21|13|7|100||827|
21|13|7|100||828|
21|13|7|100||829|
21|13|1|113||922|
21|13|1|113||923|
21|13|1|113||924|
21|13|1|113||925|
21|13|1|113||926|
21|13|1|113||927|
21|13|7|114||928|
21|13|7|114||929|
21|13|7|114||930|
21|13|7|114||931|
21|13|7|114||932|
21|13|1|128||1698|
21|13|1|128||1699|
21|13|1|128||1700|
21|13|1|128||1701|
21|13|7|132||1719|
21|13|1|136||1784|
21|13|1|140||1798|
21|13|1|140||1799|
21|13|1|142||1846|
21|13|1|142||1847|
21|13|7|146||1872|
21|13|7|147||1873|
21|13|7|147||1874|
21|13|7|147||1875|
21|13|7|147||1876|
21|13|7|154||1929|
21|13|7|154||1930|
21|13|7|154||1931|
21|13|7|154||1932|
21|13|7|154||1933|
21|13|7|156||2017|
21|13|7|156||2018|
21|13|7|156||2019|
21|13|7|156||2020|
21|13|7|156||2021|
21|13|7|156||2022|
21|13|7|156||2023|
21|13|7|156||2024|
21|13|6|160||2042|
21|13|6|160||2043|
21|13|6|160||2044|
21|13|6|160||2045|
21|13|6|160||2046|
21|13|6|160||2047|
21|13|6|160||2048|
21|13|7|168||2098|
21|13|7|168||2099|
21|13|7|168||2100|
21|13|7|168||2101|
21|13|7|168||2102|
21|13|7|168||2103|
21|13|7|168||2104|
21|13|7|168||2105|
21|13|7|168||2106|
21|13|7|168||2107|
21|13|7|168||2108|
21|13|7|170||2116|
21|13|7|176||2184|
21|13|7|176||2185|
21|13|7|176||2186|
21|13|7|176||2187|
21|13|7|176||2188|
21|13|7|176||2189|
21|13|7|176||2190|
21|13|7|176||2191|
21|13|7|176||2192|
21|13|7|176||2193|
21|13|7|176||2194|
21|13|7|176||2195|
21|13|7|176||2196|
21|13|7|176||2197|
21|13|7|176||2198|
21|13|7|176||2199|
21|13|7|176||2200|
21|13|1|190||2317|
21|13|1|190||2318|
21|13|5|191||2319|
21|13|5|191||2320|
21|13|5|191||2321|
21|13|5|191||2322|
21|13|5|191||2323|
21|13|5|191||2324|
21|13|5|191||2325|
21|13|7|193||2329|
21|13|7|193||2330|
21|13|7|193||2331|
21|13|7|193||2332|
21|13|1|196||2360|
21|13|1|196||2361|
21|13|7|203||2413|
21|13|7|203||2414|
21|13|7|203||2415|
21|13|7|206||2429|
21|13|7|206||2430|
21|13|7|206||2431|
21|13|7|206||2432|
21|14|5|5||61|
21|14|5|5||62|
21|14|5|5||63|
21|14|7|7||71|
21|14|7|7||72|
21|14|7|7||73|
21|14|7|7||74|
21|14|5|11||102|
21|14|7|21||224|
21|14|7|32||274|
21|14|7|32||275|
21|14|7|32||276|
21|14|5|33||277|
21|14|5|33||278|
21|14|5|34||279|
21|14|5|34||280|
21|14|5|34||281|
21|14|5|48||398|
21|14|5|48||399|
21|14|5|48||400|
21|14|5|48||401|
21|14|5|48||402|
21|14|5|48||403|
21|14|5|48||404|
21|14|5|48||405|
21|14|5|48||406|
21|14|5|48||407|
21|14|5|48||408|
21|14|5|48||409|
21|14|5|48||410|
21|14|5|48||411|
21|14|5|48||412|
21|14|5|48||413|
21|14|5|48||414|
21|14|5|52||439|
21|14|5|52||440|
21|14|5|52||441|
21|14|5|52||442|
21|14|5|52||443|
21|14|5|52||444|
21|14|5|52||445|
21|14|5|52||446|
21|14|5|52||447|
21|14|5|52||448|
21|14|5|52||449|
21|14|5|52||450|
21|14|5|52||451|
21|14|5|52||452|
21|14|5|52||453|
21|14|5|52||454|
21|14|5|52||455|
21|14|5|52||456|
21|14|5|52||457|
21|14|5|52||458|
21|14|5|57||500|
21|14|5|57||501|
21|14|7|63||524|
21|14|7|63||525|
21|14|5|70||569|
21|14|5|70||570|
21|14|5|70||571|
21|14|5|70||572|
21|14|5|70||573|
21|14|5|70||574|
21|14|5|70||575|
21|14|5|70||576|
21|14|5|70||577|
21|14|5|70||578|
21|14|5|70||579|
21|14|5|70||580|
21|14|5|70||581|
21|14|5|70||582|
21|14|5|70||583|
21|14|5|70||584|
21|14|5|70||585|
21|14|5|70||586|
21|14|5|70||587|
21|14|5|74||640|
21|14|5|74||641|
21|14|5|74||642|
21|14|5|74||643|
21|14|5|74||644|
21|14|5|74||645|
21|14|5|83||706|
21|14|5|83||707|
21|14|5|83||708|
21|14|7|87||730|
21|14|7|87||731|
21|14|7|87||732|
21|14|7|87||733|
21|14|7|87||734|
21|14|7|87||735|
21|14|7|87||736|
21|14|7|87||737|
21|14|7|87||738|
21|14|7|87||739|
21|14|7|87||740|
21|14|7|87||741|
21|14|7|87||742|
21|14|7|87||743|
21|14|7|87||744|
21|14|7|87||745|
21|14|7|87||746|
21|14|7|87||747|
21|14|7|87||748|
21|14|7|87||749|
21|14|7|87||750|
21|14|7|87||751|
21|14|7|87||752|
21|14|7|87||753|
21|14|7|87||754|
21|14|7|87||755|
21|14|7|87||756|
21|14|7|87||757|
21|14|7|87||758|
21|14|7|87||759|
21|14|7|87||760|
21|14|7|87||761|
21|14|7|87||762|
21|14|7|87||763|
21|14|5|89||770|
21|14|5|89||771|
21|14|5|89||772|
21|14|5|89||773|
21|14|5|89||774|
21|14|5|89||775|
21|14|7|122||1674|
21|14|7|122||1675|
21|14|7|122||1676|
21|14|7|134||1774|
21|14|7|158||2033|
21|14|7|158||2034|
21|14|7|158||2035|
21|14|7|158||2036|
21|14|7|158||2037|
21|14|5|159||2038|
21|14|5|159||2039|
21|14|5|159||2040|
21|14|5|159||2041|
21|14|5|164||2082|
21|14|7|165||2083|
21|14|7|165||2084|
21|14|7|165||2085|
21|14|7|165||2086|
21|14|7|165||2087|
21|14|7|165||2088|
21|14|5|167||2095|
21|14|5|167||2096|
21|14|5|167||2097|
21|14|7|175||2181|
21|14|7|175||2182|
21|14|7|175||2183|
21|14|7|185||2267|
21|14|7|185||2268|
21|14|7|185||2269|
21|14|7|185||2270|
21|14|7|185||2271|
21|14|5|198||2391|
21|14|5|198||2392|
21|14|7|201||2407|
21|14|7|201||2408|
21|15|1|10||80|
21|15|1|10||81|
21|15|1|10||82|
21|15|1|10||83|
21|15|1|10||84|
21|15|1|10||85|
21|15|1|10||86|
21|15|1|10||87|
21|15|1|10||88|
21|15|1|10||89|
21|15|1|10||90|
21|15|1|10||91|
21|15|1|10||92|
21|15|1|10||93|
21|15|1|10||94|
21|15|1|10||95|
21|15|1|10||96|
21|15|1|10||97|
21|15|1|10||98|
21|15|1|10||99|
21|15|1|10||100|
21|15|1|10||101|
21|15|1|13||107|
21|15|1|13||108|
21|15|1|13||109|
21|15|1|13||110|
21|15|1|13||111|
21|15|1|13||112|
21|15|1|27||253|
21|15|1|27||254|
21|15|1|27||255|
21|15|1|27||256|
21|15|1|27||257|
21|15|1|27||258|
21|15|1|27||259|
21|15|1|36||294|
21|15|1|36||295|
21|15|1|36||296|
21|15|1|36||297|
21|15|1|36||298|
21|15|1|36||299|
21|15|1|36||300|
21|15|1|36||301|
21|15|1|36||302|
21|15|1|36||303|
21|15|1|36||304|
21|15|1|36||305|
21|15|1|37||306|
21|15|1|37||307|
21|15|1|37||308|
21|15|1|37||309|
21|15|1|37||310|
21|15|1|37||311|
21|15|1|37||312|
21|15|1|37||313|
21|15|1|62||518|
21|15|1|62||519|
21|15|1|62||520|
21|15|1|62||521|
21|15|1|62||522|
21|15|1|62||523|
21|15|1|121||1672|
21|15|1|121||1673|
21|15|1|125||1685|
21|15|1|125||1686|
21|15|1|125||1687|
21|15|1|125||1688|
21|15|1|125||1689|
21|15|1|125||1690|
21|15|1|130||1708|
21|15|1|130||1709|
21|15|1|130||1710|
21|15|1|130||1711|
21|15|1|130||1712|
21|15|1|130||1713|
21|15|1|130||1714|
21|15|6|155||1934|
21|15|6|155||1935|
21|15|6|155||1936|
21|15|6|155||1937|
21|15|6|155||1938|
21|15|6|155||1939|
21|15|6|155||1940|
21|15|6|155||1941|
21|15|6|155||1942|
21|15|6|155||1943|
21|15|6|155||1944|
21|15|6|155||1945|
21|15|6|155||1946|
21|15|6|155||1947|
21|15|6|155||1948|
21|15|6|155||1949|
21|15|6|155||1950|
21|15|6|155||1951|
21|15|6|155||1952|
21|15|6|155||1953|
21|15|6|155||1954|
21|15|6|155||1955|
21|15|6|155||1956|
21|15|6|155||1957|
21|15|6|155||1958|
21|15|6|155||1959|
21|15|6|155||1960|
21|15|6|155||1961|
21|15|6|155||1962|
21|15|6|155||1963|
21|15|6|155||1964|
21|15|6|155||1965|
21|15|6|155||1966|
21|15|6|155||1967|
21|15|6|155||1968|
21|15|6|155||1969|
21|15|6|155||1970|
21|15|6|155||1971|
21|15|6|155||1972|
21|15|6|155||1973|
21|15|6|155||1974|
21|15|6|155||1975|
21|15|6|155||1976|
21|15|6|155||1977|
21|15|6|155||1978|
21|15|6|155||1979|
21|15|6|155||1980|
21|15|6|155||1981|
21|15|6|155||1982|
21|15|6|155||1983|
21|15|6|155||1984|
21|15|6|155||1985|
21|15|6|155||1986|
21|15|6|155||1987|
21|15|6|155||1988|
21|15|6|155||1989|
21|15|6|155||1990|
21|15|6|155||1991|
21|15|6|155||1992|
21|15|6|155||1993|
21|15|6|155||1994|
21|15|6|155||1995|
21|15|6|155||1996|
21|15|6|155||1997|
21|15|6|155||1998|
21|15|6|155||1999|
21|15|6|155||2000|
21|15|6|155||2001|
21|15|6|155||2002|
21|15|6|155||2003|
21|15|6|155||2004|
21|15|6|155||2005|
21|15|6|155||2006|
21|15|6|155||2007|
21|15|6|155||2008|
21|15|6|155||2009|
21|15|6|155||2010|
21|15|6|155||2011|
21|15|6|155||2012|
21|15|6|155||2013|
21|15|6|155||2014|
21|15|6|155||2015|
21|15|6|155||2016|
21|15|1|177||2201|
21|15|1|177||2202|
21|15|1|177||2203|
21|15|1|177||2204|
21|15|1|177||2205|
21|15|1|177||2206|
21|15|1|177||2207|
21|15|1|177||2208|
21|15|1|209||2490|
21|15|1|209||2491|
21|15|1|209||2492|
21|15|1|209||2493|
21|15|1|209||2494|
21|15|1|209||2495|
21|15|1|209||2496|
21|15|1|209||2497|
21|15|1|209||2498|
21|15|1|214||2527|
21|15|1|214||2528|
21|15|1|214||2529|
21|15|1|214||2530|
21|15|1|214||2531|
21|15|1|214||2532|
21|15|1|217||2537|
21|15|1|217||2538|
21|15|1|217||2539|
21|15|1|217||2540|
21|15|1|217||2541|
21|15|1|217||2542|
21|15|1|217||2543|
21|15|1|217||2544|
21|15|1|217||2545|
21|15|1|217||2546|
21|15|1|217||2547|
21|15|1|217||2548|
