EDO;DTO;MPO;NOMBRE;FCTMPAL;POB00
 9 ; 1 ; 14 ;BENITO JUAREZ;1.13104; 360478 
;;;;;;;;;;;;;;
;;;;;;;;;;;;;;
 9 ; 2 ; 2 ;AZCAPOTZALCO;1.00145; 319174 
;;;;;;;;;;;;;;
;;;;;;;;;;;;;;
 9 ; 3 ; 2 ;AZCAPOTZALCO;0.38227; 121834 
 9 ; 3 ; 15 ;CUAUHTEMOC;0.61699; 196643 
;;;;;;;;;;;;;;
;;;;;;;;;;;;;;
 9 ; 4 ; 15 ;CUAUHTEMOC;1.00282; 319612 
;;;;;;;;;;;;;;
;;;;;;;;;;;;;;
 9 ; 5 ; 3 ;COYOACAN;1.00228; 319438 
;;;;;;;;;;;;;;
;;;;;;;;;;;;;;
 9 ; 6 ; 3 ;COYOACAN;1.00713; 320985 
;;;;;;;;;;;;;;
;;;;;;;;;;;;;;
 9 ; 7 ; 5 ;GUSTAVO A. MADERO;0.97050; 309309 
;;;;;;;;;;;;;;
;;;;;;;;;;;;;;
 9 ; 8 ; 5 ;GUSTAVO A. MADERO;0.97212; 309828 
;;;;;;;;;;;;;;
;;;;;;;;;;;;;;
 9 ; 9 ; 5 ;GUSTAVO A. MADERO;0.97171; 309697 
;;;;;;;;;;;;;;
;;;;;;;;;;;;;;
 9 ; 10 ; 5 ;GUSTAVO A. MADERO;0.96234; 306708 
;;;;;;;;;;;;;;
;;;;;;;;;;;;;;
 9 ; 11 ; 11 ;TLAHUAC;0.93780; 298889 
;;;;;;;;;;;;;;
;;;;;;;;;;;;;;
 9 ; 12 ; 9 ;MILPA ALTA;0.29637; 94456 
 9 ; 12 ; 13 ;XOCHIMILCO;0.75117; 239407 
;;;;;;;;;;;;;;
;;;;;;;;;;;;;;
 9 ; 13 ; 7 ;IZTAPALAPA;0.63446; 202209 
 9 ; 13 ; 13 ;XOCHIMILCO;0.41190; 131277 
;;;;;;;;;;;;;;
;;;;;;;;;;;;;;
 9 ; 14 ; 7 ;IZTAPALAPA;1.00363; 319870 
;;;;;;;;;;;;;;
;;;;;;;;;;;;;;
 9 ; 15 ; 7 ;IZTAPALAPA;0.92597; 295119 
;;;;;;;;;;;;;;
;;;;;;;;;;;;;;
 9 ; 16 ; 7 ;IZTAPALAPA;1.01364; 323061 
;;;;;;;;;;;;;;
;;;;;;;;;;;;;;
 9 ; 17 ; 7 ;IZTAPALAPA;0.97447; 310576 
;;;;;;;;;;;;;;
;;;;;;;;;;;;;;
 9 ; 18 ; 7 ;IZTAPALAPA;1.01191; 322508 
;;;;;;;;;;;;;;
;;;;;;;;;;;;;;
 9 ; 19 ; 8 ;MAGDALENA CONTRERAS, LA;0.70025; 223177 
 9 ; 19 ; 10 ;ALVARO OBREGON;0.35842; 114233 
;;;;;;;;;;;;;;
;;;;;;;;;;;;;;
 9 ; 20 ; 4 ;CUAJIMALPA DE MORELOS;0.47047; 149945 
 9 ; 20 ; 10 ;ALVARO OBREGON;0.65205; 207816 
;;;;;;;;;;;;;;
;;;;;;;;;;;;;;
 9 ; 21 ; 10 ;ALVARO OBREGON;1.14724; 365639 
;;;;;;;;;;;;;;
;;;;;;;;;;;;;;
 9 ; 22 ; 12 ;TLALPAN;0.91813; 292620 
;;;;;;;;;;;;;;
;;;;;;;;;;;;;;
 9 ; 23 ; 12 ;TLALPAN;0.92235; 293964 
;;;;;;;;;;;;;;
;;;;;;;;;;;;;;
 9 ; 24 ; 16 ;MIGUEL HIDALGO;1.10645; 352640 
;;;;;;;;;;;;;;
;;;;;;;;;;;;;;
 9 ; 25 ; 6 ;IZTACALCO;0.37859; 120663 
 9 ; 25 ; 17 ;VENUSTIANO CARRANZA;0.54155; 172600 
;;;;;;;;;;;;;;
;;;;;;;;;;;;;;
 9 ; 26 ; 17 ;VENUSTIANO CARRANZA;0.91056; 290206 
;;;;;;;;;;;;;;
;;;;;;;;;;;;;;
 9 ; 27 ; 6 ;IZTACALCO;0.91198; 290658 
