EDO;DTO;MPO;NOMBRE;FCTMPAL;POB00
 11 ; 1 ; 6 ;ATARJEA;0.01561; 5198 
 11 ; 1 ; 22 ;OCAMPO;0.06300; 20984 
 11 ; 1 ; 29 ;SAN DIEGO DE LA UNION;0.10234; 34088 
 11 ; 1 ; 30 ;SAN FELIPE;0.28628; 95351 
 11 ; 1 ; 33 ;SAN LUIS DE LA PAZ;0.29041; 96729 
 11 ; 1 ; 34 ;SANTA CATARINA;0.01361; 4533 
 11 ; 1 ; 43 ;VICTORIA;0.05333; 17764 
 11 ; 1 ; 45 ;XICHU;0.03400; 11323 
;;;;;;;;;;;;;;
;;;;;;;;;;;;;;
 11 ; 2 ; 14 ;DOLORES HIDALGO;0.38728; 128994 
 11 ; 2 ; 15 ;GUANAJUATO;0.42392; 141196 
 11 ; 2 ; 17 ;IRAPUATO;0.25632; 85374 
;;;;;;;;;;;;;;
;;;;;;;;;;;;;;
 11 ; 3 ; 3 ;ALLENDE;0.40496; 134880 
 11 ; 3 ; 9 ;COMONFORT;0.20308; 67642 
 11 ; 3 ; 13 ;DOCTOR MORA;0.05988; 19943 
 11 ; 3 ; 32 ;SAN JOSE ITURBIDE;0.16411; 54661 
 11 ; 3 ; 40 ;TIERRA BLANCA;0.04358; 14515 
;;;;;;;;;;;;;;
;;;;;;;;;;;;;;
 11 ; 4 ; 1 ;ABASOLO;0.23746; 79093 
 11 ; 4 ; 8 ;MANUEL DOBLADO;0.11502; 38309 
 11 ; 4 ; 12 ;CUERAMARO;0.07689; 25610 
 11 ; 4 ; 16 ;HUANIMARO;0.05913; 19693 
 11 ; 4 ; 23 ;PENJAMO;0.43362; 144426 
;;;;;;;;;;;;;;
;;;;;;;;;;;;;;
 11 ; 5 ; 2 ;ACAMBARO;0.33241; 110718 
 11 ; 5 ; 4 ;APASEO EL ALTO;0.17058; 56817 
 11 ; 5 ; 5 ;APASEO EL GRANDE;0.20637; 68738 
 11 ; 5 ; 10 ;CORONEO;0.03107; 10347 
 11 ; 5 ; 19 ;JERECUARO;0.16606; 55311 
 11 ; 5 ; 38 ;TARANDACUAO;0.03478; 11583 
;;;;;;;;;;;;;;
;;;;;;;;;;;;;;
 11 ; 6 ; 21 ;MOROLEON;0.14151; 47132 
 11 ; 6 ; 28 ;SALVATIERRA;0.28390; 94558 
 11 ; 6 ; 36 ;SANTIAGO MARAVATIO;0.02147; 7151 
 11 ; 6 ; 39 ;TARIMORO;0.11234; 37418 
 11 ; 6 ; 41 ;URIANGATO;0.15892; 52931 
 11 ; 6 ; 46 ;YURIRIA;0.22163; 73820 
;;;;;;;;;;;;;;
;;;;;;;;;;;;;;
 11 ; 7 ; 7 ;CELAYA;0.20842; 69420 
 11 ; 7 ; 11 ;CORTAZAR;0.24427; 81359 
 11 ; 7 ; 18 ;JARAL DEL PROGRESO;0.09548; 31803 
 11 ; 7 ; 42 ;VALLE DE SANTIAGO;0.39277; 130821 
;;;;;;;;;;;;;;
;;;;;;;;;;;;;;
 11 ; 8 ; 25 ;PURISIMA DEL RINCON;0.13312; 44340 
 11 ; 8 ; 26 ;ROMITA;0.15576; 51879 
 11 ; 8 ; 31 ;SAN FRANCISCO DEL RINCON;0.29611; 98626 
 11 ; 8 ; 37 ;SILAO;0.40448; 134720 
;;;;;;;;;;;;;;
;;;;;;;;;;;;;;
 11 ; 9 ; 7 ;CELAYA;0.94135; 313538 
;;;;;;;;;;;;;;
;;;;;;;;;;;;;;
 11 ; 10 ; 20 ;LEON;1.13676; 378625 
;;;;;;;;;;;;;;
;;;;;;;;;;;;;;
 11 ; 11 ; 20 ;LEON;1.13847; 379196 
;;;;;;;;;;;;;;
;;;;;;;;;;;;;;
 11 ; 12 ; 20 ;LEON;1.13681; 378643 
;;;;;;;;;;;;;;
;;;;;;;;;;;;;;
 11 ; 13 ; 24 ;PUEBLO NUEVO;0.03122; 10398 
 11 ; 13 ; 27 ;SALAMANCA;0.68049; 226654 
 11 ; 13 ; 35 ;SANTA CRUZ DE JUVENTINO ROSAS;0.19659; 65479 
 11 ; 13 ; 44 ;VILLAGRAN;0.13793; 45941 
;;;;;;;;;;;;;;
;;;;;;;;;;;;;;
 11 ; 14 ; 17 ;IRAPUATO;1.06511; 354760 
