Entidad|Distrito|Distrito_nuevo|Municipio|MUNICIPIO_VIRTUAL|Seccion|SECCION_VIRTUAL
27|1|1|1||1|
27|1|1|1||2|
27|1|1|1||3|
27|1|1|1||4|
27|1|1|1||5|
27|1|1|1||6|
27|1|1|1||7|
27|1|1|1||8|
27|1|1|1||9|
27|1|1|1||10|
27|1|1|1||11|
27|1|1|1||12|
27|1|1|1||13|
27|1|1|1||14|
27|1|1|1||15|
27|1|1|1||16|
27|1|1|1||17|
27|1|1|1||18|
27|1|1|1||19|
27|1|1|1||20|
27|1|1|1||21|
27|1|1|1||22|
27|1|1|1||23|
27|1|1|1||24|
27|1|1|1||25|
27|1|1|1||26|
27|1|1|1||27|
27|1|1|1||28|
27|1|1|1||29|
27|1|1|1||30|
27|1|1|1||31|
27|1|1|1||32|
27|1|1|1||33|
27|1|1|1||34|
27|1|1|1||35|
27|1|1|1||36|
27|1|1|1||37|
27|1|1|1||38|
27|1|1|1||39|
27|1|1|1||40|
27|1|1|1||41|
27|1|1|1||42|
27|1|1|1||43|
27|1|1|1||44|
27|1|1|1||45|
27|1|1|3||168|
27|1|1|3||169|
27|1|1|3||170|
27|1|1|3||171|
27|1|1|3||172|
27|1|1|3||173|
27|1|1|3||174|
27|1|1|3||175|
27|1|1|3||176|
27|1|1|3||177|
27|1|1|3||178|
27|1|1|3||179|
27|1|1|3||180|
27|1|1|3||181|
27|1|1|3||182|
27|1|1|3||183|
27|1|1|3||184|
27|1|1|3||185|
27|1|1|3||186|
27|1|1|3||187|
27|1|1|3||188|
27|1|1|3||189|
27|1|1|3||190|
27|1|1|3||191|
27|1|1|3||192|
27|1|1|3||193|
27|1|1|3||194|
27|1|1|3||195|
27|1|1|3||196|
27|1|1|3||197|
27|1|1|3||198|
27|1|1|3||199|
27|1|1|3||200|
27|1|1|3||201|
27|1|1|3||202|
27|1|1|3||203|
27|1|1|3||204|
27|1|1|3||205|
27|1|1|3||206|
27|1|1|3||207|
27|1|1|3||208|
27|1|1|3||209|
27|1|1|3||210|
27|1|1|3||211|
27|1|1|3||212|
27|1|1|3||213|
27|1|1|3||214|
27|1|1|3||215|
27|1|1|3||216|
27|1|1|3||217|
27|1|1|3||218|
27|1|1|3||219|
27|1|1|3||220|
27|1|1|3||221|
27|1|1|3||222|
27|1|1|3||223|
27|1|1|3||224|
27|1|1|3||225|
27|1|1|3||226|
27|1|1|3||227|
27|1|1|3||228|
27|1|1|3||229|
27|1|1|3||230|
27|1|1|3||231|
27|1|1|7||668|
27|1|1|7||669|
27|1|1|7||670|
27|1|1|7||671|
27|1|1|7||672|
27|1|1|7||673|
27|1|1|7||674|
27|1|1|7||675|
27|1|1|7||676|
27|1|1|7||677|
27|1|1|7||678|
27|1|1|7||679|
27|1|1|7||680|
27|1|1|7||681|
27|1|1|7||682|
27|1|1|7||683|
27|1|1|11||846|
27|1|1|11||847|
27|1|1|11||848|
27|1|1|11||849|
27|1|1|11||850|
27|1|1|11||851|
27|1|1|11||852|
27|1|1|11||853|
27|1|1|11||854|
27|1|1|11||855|
27|1|1|11||856|
27|1|1|11||857|
27|1|1|11||858|
27|1|1|11||859|
27|1|1|11||860|
27|1|1|11||861|
27|1|1|11||862|
27|1|1|11||863|
27|1|1|11||864|
27|1|1|11||865|
27|1|1|11||866|
27|1|1|11||867|
27|1|1|11||868|
27|1|1|11||869|
27|1|1|11||870|
27|1|1|11||871|
27|1|1|14||991|
27|1|1|14||992|
27|1|1|14||993|
27|1|1|14||994|
27|1|1|14||995|
27|1|1|14||996|
27|1|1|14||997|
27|1|1|14||998|
27|1|1|14||999|
27|1|1|14||1000|
27|1|1|14||1001|
27|1|1|14||1002|
27|1|1|14||1003|
27|1|1|14||1004|
27|1|1|14||1005|
27|1|1|14||1006|
27|1|1|14||1007|
27|1|1|14||1008|
27|1|1|14||1009|
27|1|1|14||1010|
27|1|1|14||1011|
27|1|1|14||1012|
27|1|1|14||1013|
27|1|1|14||1014|
27|1|1|14||1015|
27|1|1|14||1016|
27|1|1|14||1017|
27|1|1|14||1018|
27|1|1|14||1019|
27|1|1|14||1020|
27|1|1|14||1021|
27|1|1|14||1022|
27|1|1|14||1023|
27|1|1|14||1024|
27|1|1|14||1025|
27|1|1|14||1026|
27|1|1|14||1027|
27|1|1|14||1028|
27|1|1|14||1029|
27|1|1|14||1030|
27|1|1|14||1031|
27|1|1|14||1032|
27|1|1|14||1033|
27|1|1|14||1034|
27|1|1|14||1035|
27|1|1|17||1089|
27|1|1|17||1090|
27|1|1|17||1091|
27|1|1|17||1092|
27|1|1|17||1093|
27|1|1|17||1094|
27|1|1|17||1095|
27|1|1|17||1096|
27|1|1|17||1097|
27|1|1|17||1098|
27|1|1|17||1099|
27|1|1|17||1100|
27|1|1|17||1101|
27|1|1|17||1102|
27|1|1|17||1103|
27|1|1|17||1104|
27|1|1|17||1105|
27|1|1|17||1106|
27|1|1|17||1107|
27|1|1|17||1108|
27|1|1|17||1109|
27|1|1|17||1110|
27|1|1|17||1111|
27|1|1|17||1112|
27|1|1|17||1113|
27|1|1|17||1114|
27|1|1|17||1115|
27|1|1|17||1116|
27|1|1|17||1117|
27|1|1|17||1118|
27|1|1|17||1119|
27|1|1|17||1120|
27|1|1|17||1121|
27|1|1|17||1122|
27|1|1|17||1123|
27|1|1|17||1124|
27|1|1|17||1125|
27|1|1|17||1126|
27|1|1|17||1127|
27|1|1|17||1128|
27|1|1|17||1129|
27|1|1|17||1130|
27|1|1|17||1131|
27|1|1|17||1132|
27|1|1|17||1133|
27|2|2|2||46|
27|2|2|2||47|
27|2|4|2||48|
27|2|4|2||49|
27|2|4|2||50|
27|2|2|2||51|
27|2|2|2||52|
27|2|2|2||53|
27|2|2|2||54|
27|2|4|2||55|
27|2|4|2||56|
27|2|4|2||57|
27|2|4|2||58|
27|2|2|2||59|
27|2|2|2||60|
27|2|4|2||61|
27|2|4|2||62|
27|2|4|2||63|
27|2|4|2||64|
27|2|4|2||65|
27|2|4|2||66|
27|2|4|2||67|
27|2|2|2||68|
27|2|2|2||69|
27|2|2|2||70|
27|2|2|2||71|
27|2|2|2||72|
27|2|2|2||73|
27|2|2|2||74|
27|2|4|2||75|
27|2|4|2||76|
27|2|4|2||77|
27|2|4|2||78|
27|2|2|2||79|
27|2|2|2||80|
27|2|2|2||81|
27|2|2|2||82|
27|2|4|2||83|
27|2|4|2||84|
27|2|2|2||85|
27|2|2|2||86|
27|2|2|2||87|
27|2|2|2||88|
27|2|2|2||89|
27|2|2|2||90|
27|2|2|2||91|
27|2|2|2||92|
27|2|2|2||93|
27|2|2|2||94|
27|2|2|2||95|
27|2|2|2||96|
27|2|2|2||97|
27|2|2|2||98|
27|2|2|2||99|
27|2|2|2||100|
27|2|2|2||101|
27|2|2|2||102|
27|2|2|2||103|
27|2|2|2||104|
27|2|2|2||105|
27|2|2|2||106|
27|2|2|2||107|
27|2|2|2||108|
27|2|2|2||109|
27|2|2|2||110|
27|2|2|2||111|
27|2|2|2||112|
27|2|2|2||113|
27|2|2|2||114|
27|2|2|2||115|
27|2|2|2||116|
27|2|2|2||117|
27|2|2|2||118|
27|2|2|2||119|
27|2|2|2||120|
27|2|2|2||121|
27|2|2|2||122|
27|2|2|2||123|
27|2|2|2||124|
27|2|2|2||125|
27|2|2|2||126|
27|2|2|2||127|
27|2|2|2||128|
27|2|2|2||129|
27|2|2|2||130|
27|2|2|2||131|
27|2|2|2||132|
27|2|2|2||133|
27|2|2|2||134|
27|2|2|2||135|
27|2|2|2||136|
27|2|4|2||137|
27|2|4|2||138|
27|2|4|2||139|
27|2|4|2||140|
27|2|2|2||141|
27|2|2|2||142|
27|2|2|2||143|
27|2|2|2||144|
27|2|2|2||145|
27|2|2|2||146|
27|2|4|2||147|
27|2|2|2||148|
27|2|4|2||149|
27|2|4|2||150|
27|2|4|2||151|
27|2|4|2||152|
27|2|2|2||153|
27|2|2|2||154|
27|2|2|2||155|
27|2|2|2||156|
27|2|2|2||157|
27|2|2|2||158|
27|2|2|2||159|
27|2|4|2||160|
27|2|2|2||161|
27|2|4|2||162|
27|2|2|2||163|
27|2|4|2||164|
27|2|2|2||165|
27|2|2|2||166|
27|2|2|2||167|
27|2|2|8||684|
27|2|2|8||685|
27|2|2|8||686|
27|2|2|8||687|
27|2|2|8||688|
27|2|2|8||689|
27|2|2|8||690|
27|2|2|8||691|
27|2|2|8||692|
27|2|2|8||693|
27|2|2|8||694|
27|2|2|8||695|
27|2|2|8||696|
27|2|2|8||697|
27|2|2|8||698|
27|2|2|8||699|
27|2|2|8||700|
27|2|2|8||701|
27|2|2|8||702|
27|2|2|8||703|
27|2|2|8||704|
27|2|2|8||705|
27|2|2|8||706|
27|2|2|8||707|
27|2|2|8||708|
27|2|2|8||709|
27|2|2|8||710|
27|2|2|8||711|
27|2|2|8||712|
27|2|2|8||713|
27|2|2|8||714|
27|2|2|8||715|
27|2|2|8||716|
27|2|2|8||717|
27|2|2|8||718|
27|2|2|8||719|
27|2|2|8||720|
27|2|2|8||721|
27|2|2|8||722|
27|2|2|8||723|
27|2|2|8||724|
27|2|2|8||725|
27|2|2|8||726|
27|2|2|8||727|
27|2|2|8||728|
27|2|2|8||729|
27|2|2|8||730|
27|2|2|8||731|
27|2|2|8||732|
27|2|2|8||733|
27|2|2|8||734|
27|2|2|8||735|
27|2|2|8||736|
27|2|2|8||737|
27|2|2|8||738|
27|2|2|8||739|
27|2|2|8||740|
27|2|2|8||741|
27|2|2|8||742|
27|2|2|8||743|
27|2|2|8||744|
27|2|2|8||745|
27|2|2|8||746|
27|2|2|8||747|
27|2|2|8||748|
27|2|2|8||749|
27|2|2|8||750|
27|2|2|8||751|
27|2|2|8||752|
27|2|2|8||753|
27|2|2|8||754|
27|2|2|8||755|
27|2|2|8||756|
27|2|2|8||757|
27|2|2|8||758|
27|2|2|8||759|
27|2|2|8||760|
27|2|2|8||761|
27|2|2|8||762|
27|2|2|8||763|
27|2|2|8||764|
27|2|2|8||765|
27|2|2|8||766|
27|2|2|8||767|
27|2|2|8||768|
27|2|2|8||769|
27|2|2|8||770|
27|2|2|8||771|
27|2|2|8||772|
27|2|2|8||773|
27|2|2|8||774|
27|2|2|8||775|
27|2|2|8||776|
27|2|2|8||777|
27|2|2|8||778|
27|2|2|8||779|
27|2|2|8||780|
27|3|4|5||512|
27|3|4|5||513|
27|3|4|5||514|
27|3|4|5||515|
27|3|4|5||516|
27|3|4|5||517|
27|3|4|5||518|
27|3|4|5||519|
27|3|4|5||520|
27|3|4|5||521|
27|3|4|5||522|
27|3|4|5||523|
27|3|4|5||524|
27|3|4|5||525|
27|3|4|5||526|
27|3|4|5||527|
27|3|4|5||528|
27|3|4|5||529|
27|3|4|5||530|
27|3|4|5||531|
27|3|4|5||532|
27|3|4|5||533|
27|3|4|5||534|
27|3|4|5||535|
27|3|4|5||536|
27|3|4|5||537|
27|3|4|5||538|
27|3|4|5||539|
27|3|4|5||540|
27|3|4|5||541|
27|3|4|5||542|
27|3|4|5||543|
27|3|4|5||544|
27|3|4|5||545|
27|3|4|5||546|
27|3|4|5||547|
27|3|4|5||548|
27|3|4|5||549|
27|3|4|5||550|
27|3|4|5||551|
27|3|4|5||552|
27|3|4|5||553|
27|3|4|5||554|
27|3|4|5||555|
27|3|4|5||556|
27|3|4|5||557|
27|3|4|5||558|
27|3|4|5||559|
27|3|4|5||560|
27|3|4|5||561|
27|3|4|5||562|
27|3|4|5||563|
27|3|4|5||564|
27|3|4|5||565|
27|3|4|5||566|
27|3|4|5||567|
27|3|4|5||568|
27|3|4|5||569|
27|3|4|5||570|
27|3|4|5||571|
27|3|4|5||572|
27|3|4|5||573|
27|3|4|5||574|
27|3|4|5||575|
27|3|4|5||576|
27|3|4|5||577|
27|3|4|5||578|
27|3|4|5||579|
27|3|4|5||580|
27|3|4|5||581|
27|3|4|5||582|
27|3|4|5||583|
27|3|4|5||584|
27|3|4|5||585|
27|3|4|5||586|
27|3|4|5||587|
27|3|4|5||588|
27|3|4|5||589|
27|3|4|5||590|
27|3|4|5||591|
27|3|4|5||592|
27|3|4|5||593|
27|3|4|5||594|
27|3|4|5||595|
27|3|4|5||596|
27|3|4|5||597|
27|3|4|5||598|
27|3|4|5||599|
27|3|4|5||600|
27|3|4|5||601|
27|3|4|5||602|
27|3|4|5||603|
27|3|4|5||604|
27|3|4|5||605|
27|3|4|5||606|
27|3|4|5||607|
27|3|4|5||608|
27|3|4|6||609|
27|3|4|6||610|
27|3|4|6||611|
27|3|4|6||612|
27|3|4|6||613|
27|3|4|6||614|
27|3|4|6||615|
27|3|4|6||616|
27|3|4|6||617|
27|3|4|6||618|
27|3|4|6||619|
27|3|4|6||620|
27|3|4|6||621|
27|3|4|6||622|
27|3|4|6||623|
27|3|4|6||624|
27|3|4|6||625|
27|3|4|6||626|
27|3|4|6||627|
27|3|4|6||628|
27|3|4|6||629|
27|3|4|6||630|
27|3|4|6||631|
27|3|4|6||632|
27|3|4|6||633|
27|3|4|6||634|
27|3|4|6||635|
27|3|4|6||636|
27|3|4|6||637|
27|3|4|6||638|
27|3|4|6||639|
27|3|4|6||640|
27|3|4|6||641|
27|3|4|6||642|
27|3|4|6||643|
27|3|4|6||644|
27|3|4|6||645|
27|3|4|6||646|
27|3|4|6||647|
27|3|4|6||648|
27|3|4|6||649|
27|3|4|6||650|
27|3|4|6||651|
27|3|4|6||652|
27|3|4|6||653|
27|3|4|6||654|
27|3|4|6||655|
27|3|4|6||656|
27|3|4|6||657|
27|3|4|6||658|
27|3|4|6||659|
27|3|4|6||660|
27|3|4|6||661|
27|3|4|6||662|
27|3|4|6||663|
27|3|4|6||664|
27|3|4|6||665|
27|3|4|6||666|
27|3|4|6||667|
27|3|5|10||809|
27|3|5|10||810|
27|3|5|10||811|
27|3|5|10||812|
27|3|5|10||813|
27|3|5|10||814|
27|3|5|10||815|
27|3|5|10||816|
27|3|5|10||817|
27|3|5|10||818|
27|3|5|10||819|
27|3|5|10||820|
27|3|5|10||821|
27|3|5|10||822|
27|3|5|10||823|
27|3|5|10||824|
27|3|5|10||825|
27|3|5|10||826|
27|3|5|10||827|
27|3|5|10||828|
27|3|5|10||829|
27|3|5|10||830|
27|3|5|10||831|
27|3|5|10||832|
27|3|5|10||833|
27|3|5|10||834|
27|3|5|10||835|
27|3|5|10||836|
27|3|5|10||837|
27|3|5|10||838|
27|3|5|10||839|
27|3|5|10||840|
27|3|5|10||841|
27|3|5|10||842|
27|3|5|10||843|
27|3|5|10||844|
27|3|5|10||845|
27|4|5|4||232|
27|4|5|4||233|
27|4|5|4||234|
27|4|5|4||235|
27|4|5|4||236|
27|4|5|4||237|
27|4|5|4||238|
27|4|5|4||239|
27|4|5|4||240|
27|4|5|4||241|
27|4|5|4||242|
27|4|5|4||243|
27|4|5|4||244|
27|4|5|4||245|
27|4|5|4||246|
27|4|5|4||247|
27|4|5|4||248|
27|4|5|4||249|
27|4|5|4||250|
27|4|5|4||251|
27|4|5|4||252|
27|4|5|4||253|
27|4|5|4||254|
27|4|5|4||255|
27|4|5|4||256|
27|4|5|4||257|
27|4|5|4||258|
27|4|5|4||259|
27|4|5|4||260|
27|4|5|4||261|
27|4|5|4||262|
27|4|5|4||263|
27|4|5|4||264|
27|4|6|4||265|
27|4|5|4||266|
27|4|5|4||267|
27|4|5|4||269|
27|4|5|4||270|
27|4|5|4||271|
27|4|5|4||272|
27|4|6|4||277|
27|4|6|4||278|
27|4|6|4||279|
27|4|5|4||280|
27|4|5|4||281|
27|4|3|4||282|
27|4|6|4||283|
27|4|6|4||284|
27|4|6|4||285|
27|4|6|4||286|
27|4|6|4||287|
27|4|6|4||288|
27|4|6|4||289|
27|4|3|4||290|
27|4|6|4||291|
27|4|6|4||292|
27|4|6|4||293|
27|4|6|4||294|
27|4|6|4||295|
27|4|6|4||296|
27|4|6|4||297|
27|4|6|4||298|
27|4|6|4||299|
27|4|6|4||307|
27|4|6|4||309|
27|4|6|4||310|
27|4|6|4||319|
27|4|6|4||321|
27|4|6|4||322|
27|4|6|4||323|
27|4|6|4||333|
27|4|3|4||359|
27|4|3|4||360|
27|4|3|4||361|
27|4|6|4||382|
27|4|3|4||383|
27|4|3|4||384|
27|4|3|4||405|
27|4|5|4||419|
27|4|5|4||420|
27|4|5|4||421|
27|4|5|4||422|
27|4|5|4||423|
27|4|3|4||424|
27|4|5|4||425|
27|4|5|4||426|
27|4|5|4||427|
27|4|5|4||428|
27|4|5|4||429|
27|4|5|4||430|
27|4|5|4||431|
27|4|5|4||432|
27|4|5|4||433|
27|4|5|4||434|
27|4|5|4||435|
27|4|5|4||436|
27|4|5|4||437|
27|4|5|4||438|
27|4|5|4||439|
27|4|5|4||440|
27|4|3|4||441|
27|4|3|4||442|
27|4|5|4||443|
27|4|3|4||444|
27|4|5|4||445|
27|4|5|4||446|
27|4|5|4||447|
27|4|3|4||448|
27|4|3|4||449|
27|4|5|4||450|
27|4|3|4||451|
27|4|3|4||454|
27|4|3|4||455|
27|4|3|4||456|
27|4|3|4||457|
27|4|3|4||466|
27|4|6|4||471|
27|4|3|4||472|
27|4|3|4||473|
27|4|3|4||474|
27|4|3|4||478|
27|4|3|4||489|
27|4|3|4||493|
27|4|5|13||954|
27|4|5|13||955|
27|4|5|13||956|
27|4|5|13||957|
27|4|5|13||958|
27|4|5|13||959|
27|4|5|13||960|
27|4|5|13||961|
27|4|5|13||962|
27|4|5|13||963|
27|4|5|13||964|
27|4|5|13||965|
27|4|5|13||966|
27|4|5|13||967|
27|4|5|13||968|
27|4|5|13||969|
27|4|5|13||970|
27|4|5|13||971|
27|4|5|13||972|
27|4|5|13||973|
27|4|5|13||974|
27|4|5|13||975|
27|4|5|13||976|
27|4|5|13||977|
27|4|5|13||978|
27|4|5|13||979|
27|4|5|13||980|
27|4|5|13||981|
27|4|5|13||982|
27|4|5|13||983|
27|4|5|13||984|
27|4|5|13||985|
27|4|5|13||986|
27|4|5|13||987|
27|4|5|13||988|
27|4|5|13||989|
27|4|5|13||990|
27|5|3|9||781|
27|5|3|9||782|
27|5|3|9||783|
27|5|3|9||784|
27|5|3|9||785|
27|5|3|9||786|
27|5|3|9||787|
27|5|3|9||788|
27|5|3|9||789|
27|5|3|9||790|
27|5|3|9||791|
27|5|3|9||792|
27|5|3|9||793|
27|5|3|9||794|
27|5|3|9||795|
27|5|3|9||796|
27|5|3|9||797|
27|5|3|9||798|
27|5|3|9||799|
27|5|3|9||800|
27|5|3|9||801|
27|5|3|9||802|
27|5|3|9||803|
27|5|3|9||804|
27|5|3|9||805|
27|5|3|9||806|
27|5|3|9||807|
27|5|3|9||808|
27|5|3|12||872|
27|5|3|12||873|
27|5|3|12||874|
27|5|3|12||875|
27|5|3|12||876|
27|5|3|12||877|
27|5|3|12||878|
27|5|3|12||879|
27|5|3|12||880|
27|5|3|12||881|
27|5|3|12||882|
27|5|3|12||883|
27|5|3|12||884|
27|5|3|12||885|
27|5|3|12||886|
27|5|3|12||887|
27|5|3|12||888|
27|5|3|12||889|
27|5|3|12||890|
27|5|3|12||891|
27|5|3|12||892|
27|5|3|12||893|
27|5|3|12||894|
27|5|3|12||895|
27|5|3|12||896|
27|5|3|12||897|
27|5|3|12||898|
27|5|3|12||899|
27|5|3|12||900|
27|5|3|12||901|
27|5|3|12||902|
27|5|3|12||903|
27|5|3|12||904|
27|5|3|12||905|
27|5|3|12||906|
27|5|3|12||907|
27|5|3|12||908|
27|5|3|12||909|
27|5|3|12||910|
27|5|3|12||911|
27|5|3|12||912|
27|5|3|12||913|
27|5|3|12||914|
27|5|3|12||915|
27|5|3|12||916|
27|5|3|12||917|
27|5|3|12||918|
27|5|3|12||919|
27|5|3|12||920|
27|5|3|12||921|
27|5|3|12||922|
27|5|3|12||923|
27|5|3|12||924|
27|5|3|12||925|
27|5|3|12||926|
27|5|3|12||927|
27|5|3|12||928|
27|5|3|12||929|
27|5|3|12||930|
27|5|3|12||931|
27|5|3|12||932|
27|5|3|12||933|
27|5|3|12||934|
27|5|3|12||935|
27|5|3|12||936|
27|5|3|12||937|
27|5|3|12||938|
27|5|3|12||939|
27|5|3|12||940|
27|5|3|12||941|
27|5|3|12||942|
27|5|3|12||943|
27|5|3|12||944|
27|5|3|12||945|
27|5|3|12||946|
27|5|3|12||947|
27|5|3|12||948|
27|5|3|12||949|
27|5|3|12||950|
27|5|3|12||951|
27|5|3|12||952|
27|5|3|12||953|
27|5|3|15||1036|
27|5|3|15||1037|
27|5|3|15||1038|
27|5|3|15||1039|
27|5|3|15||1040|
27|5|3|15||1041|
27|5|3|15||1042|
27|5|3|15||1043|
27|5|3|15||1044|
27|5|3|15||1045|
27|5|3|15||1046|
27|5|3|15||1047|
27|5|3|15||1048|
27|5|3|15||1049|
27|5|3|15||1050|
27|5|3|15||1051|
27|5|3|15||1052|
27|5|3|15||1053|
27|5|3|15||1054|
27|5|3|15||1055|
27|5|3|15||1056|
27|5|3|15||1057|
27|5|3|15||1058|
27|5|3|15||1059|
27|5|3|15||1060|
27|5|3|15||1061|
27|5|3|15||1062|
27|5|3|16||1063|
27|5|3|16||1064|
27|5|3|16||1065|
27|5|3|16||1066|
27|5|3|16||1067|
27|5|3|16||1068|
27|5|3|16||1069|
27|5|3|16||1070|
27|5|3|16||1071|
27|5|3|16||1072|
27|5|3|16||1073|
27|5|3|16||1074|
27|5|3|16||1075|
27|5|3|16||1076|
27|5|3|16||1077|
27|5|3|16||1078|
27|5|3|16||1079|
27|5|3|16||1080|
27|5|3|16||1081|
27|5|3|16||1082|
27|5|3|16||1083|
27|5|3|16||1084|
27|5|3|16||1085|
27|5|3|16||1086|
27|5|3|16||1087|
27|5|3|16||1088|
27|6|6|4||268|
27|6|6|4||273|
27|6|6|4||274|
27|6|6|4||275|
27|6|6|4||276|
27|6|6|4||300|
27|6|6|4||301|
27|6|6|4||302|
27|6|6|4||303|
27|6|6|4||304|
27|6|6|4||305|
27|6|6|4||306|
27|6|6|4||308|
27|6|6|4||311|
27|6|6|4||312|
27|6|6|4||313|
27|6|6|4||314|
27|6|6|4||315|
27|6|6|4||316|
27|6|6|4||317|
27|6|6|4||318|
27|6|6|4||320|
27|6|6|4||324|
27|6|6|4||325|
27|6|6|4||326|
27|6|6|4||327|
27|6|6|4||328|
27|6|6|4||329|
27|6|6|4||330|
27|6|6|4||331|
27|6|6|4||332|
27|6|6|4||334|
27|6|6|4||335|
27|6|6|4||336|
27|6|6|4||337|
27|6|6|4||338|
27|6|6|4||339|
27|6|6|4||340|
27|6|6|4||341|
27|6|6|4||342|
27|6|6|4||343|
27|6|6|4||344|
27|6|6|4||345|
27|6|6|4||346|
27|6|6|4||347|
27|6|6|4||348|
27|6|6|4||349|
27|6|6|4||350|
27|6|6|4||351|
27|6|6|4||352|
27|6|6|4||353|
27|6|6|4||354|
27|6|6|4||355|
27|6|6|4||356|
27|6|6|4||357|
27|6|6|4||358|
27|6|6|4||362|
27|6|6|4||363|
27|6|6|4||364|
27|6|6|4||365|
27|6|6|4||366|
27|6|6|4||367|
27|6|6|4||368|
27|6|6|4||369|
27|6|6|4||370|
27|6|6|4||371|
27|6|6|4||372|
27|6|6|4||373|
27|6|6|4||374|
27|6|6|4||375|
27|6|6|4||376|
27|6|6|4||377|
27|6|6|4||378|
27|6|6|4||379|
27|6|6|4||380|
27|6|6|4||381|
27|6|6|4||385|
27|6|6|4||386|
27|6|6|4||387|
27|6|6|4||388|
27|6|6|4||389|
27|6|6|4||390|
27|6|6|4||391|
27|6|6|4||392|
27|6|6|4||393|
27|6|6|4||394|
27|6|6|4||395|
27|6|6|4||396|
27|6|6|4||397|
27|6|6|4||398|
27|6|6|4||399|
27|6|6|4||400|
27|6|6|4||401|
27|6|6|4||402|
27|6|6|4||403|
27|6|6|4||404|
27|6|6|4||406|
27|6|6|4||407|
27|6|6|4||408|
27|6|6|4||409|
27|6|6|4||410|
27|6|6|4||411|
27|6|6|4||412|
27|6|6|4||413|
27|6|6|4||414|
27|6|6|4||415|
27|6|6|4||416|
27|6|6|4||417|
27|6|6|4||418|
27|6|6|4||452|
27|6|6|4||453|
27|6|6|4||458|
27|6|6|4||459|
27|6|6|4||460|
27|6|6|4||461|
27|6|6|4||462|
27|6|6|4||463|
27|6|6|4||464|
27|6|6|4||465|
27|6|6|4||467|
27|6|6|4||468|
27|6|6|4||469|
27|6|6|4||470|
27|6|6|4||475|
27|6|6|4||476|
27|6|6|4||477|
27|6|6|4||479|
27|6|6|4||480|
27|6|6|4||481|
27|6|6|4||482|
27|6|6|4||483|
27|6|6|4||484|
27|6|6|4||485|
27|6|6|4||486|
27|6|6|4||487|
27|6|6|4||488|
27|6|6|4||490|
27|6|6|4||491|
27|6|6|4||492|
27|6|6|4||494|
27|6|6|4||495|
27|6|6|4||496|
27|6|6|4||497|
27|6|6|4||498|
27|6|3|4||499|
27|6|6|4||500|
27|6|6|4||501|
27|6|6|4||502|
27|6|6|4||503|
27|6|3|4||504|
27|6|3|4||505|
27|6|3|4||506|
27|6|6|4||507|
27|6|3|4||508|
27|6|3|4||509|
27|6|3|4||510|
27|6|6|4||511|
