Entidad|Distrito|Distrito_nuevo|Municipio|MUNICIPIO_VIRTUAL|Seccion|SECCION_VIRTUAL
14|1|1|3||24|
14|1|1|3||25|
14|1|1|3||26|
14|1|1|3||27|
14|1|1|3||28|
14|1|1|3||29|
14|1|1|3||30|
14|1|1|3||31|
14|1|1|3||32|
14|1|1|3||33|
14|1|1|3||34|
14|1|1|3||35|
14|1|1|5||40|
14|1|1|5||41|
14|1|1|5||42|
14|1|1|5||43|
14|1|1|5||44|
14|1|1|5||45|
14|1|1|5||46|
14|1|1|5||47|
14|1|1|7||94|
14|1|1|7||95|
14|1|1|7||96|
14|1|1|7||97|
14|1|1|7||98|
14|1|1|7||99|
14|1|1|7||100|
14|1|1|7||101|
14|1|1|9||139|
14|1|1|9||140|
14|1|1|9||141|
14|1|1|9||142|
14|1|1|9||143|
14|1|1|19||292|
14|1|1|19||293|
14|1|1|19||294|
14|1|1|19||295|
14|1|1|26||411|
14|1|1|26||412|
14|1|1|26||413|
14|1|1|26||414|
14|1|1|26||415|
14|1|1|26||416|
14|1|1|26||417|
14|1|1|26||418|
14|1|1|26||419|
14|1|1|26||420|
14|1|1|26||421|
14|1|1|26||422|
14|1|1|26||423|
14|1|1|26||424|
14|1|1|26||425|
14|1|1|26||426|
14|1|1|32||476|
14|1|1|32||477|
14|1|1|32||478|
14|1|1|37||530|
14|1|1|37||531|
14|1|1|37||532|
14|1|1|37||533|
14|1|1|37||534|
14|1|1|37||535|
14|1|1|37||536|
14|1|1|37||537|
14|1|1|37||538|
14|1|1|37||539|
14|1|1|37||540|
14|1|1|42||1549|
14|1|1|42||1550|
14|1|1|42||1551|
14|1|1|42||1552|
14|1|1|42||1553|
14|1|1|42||1554|
14|1|1|42||1555|
14|1|1|42||1556|
14|1|1|42||1557|
14|1|1|42||1558|
14|1|1|42||1559|
14|1|1|42||1560|
14|1|1|43||1561|
14|1|1|43||1562|
14|1|1|43||1563|
14|1|1|43||1564|
14|1|1|43||1565|
14|1|1|44||1566|
14|1|1|44||1567|
14|1|1|44||1568|
14|1|1|44||1569|
14|1|1|44||1570|
14|1|1|44||1571|
14|1|1|44||1572|
14|1|1|57||1782|
14|1|1|57||1783|
14|1|1|57||1784|
14|1|1|57||1785|
14|1|1|57||1786|
14|1|1|57||1787|
14|1|1|57||1788|
14|1|1|57||1789|
14|1|1|57||1790|
14|1|1|57||1791|
14|1|1|63||1831|
14|1|1|63||1832|
14|1|1|63||1833|
14|1|1|63||1834|
14|1|1|63||1835|
14|1|1|63||1836|
14|1|1|63||1837|
14|1|1|63||1838|
14|1|1|63||1839|
14|1|1|77||2107|
14|1|1|77||2108|
14|1|1|77||2109|
14|1|1|78||2110|
14|1|1|78||2111|
14|1|1|78||2112|
14|1|1|78||2113|
14|1|1|78||2114|
14|1|1|82||2157|
14|1|1|82||2158|
14|1|1|82||2159|
14|1|1|82||2160|
14|1|1|82||2161|
14|1|1|84||2181|
14|1|1|84||2182|
14|1|1|84||2183|
14|1|1|84||2184|
14|1|1|84||2185|
14|1|1|84||2186|
14|1|1|84||2187|
14|1|1|84||2188|
14|1|1|84||2189|
14|1|1|84||2190|
14|1|1|84||2191|
14|1|1|84||2192|
14|1|1|84||2193|
14|1|1|84||2194|
14|1|1|84||2195|
14|1|1|84||2196|
14|1|1|84||2197|
14|1|1|84||2198|
14|1|1|84||2199|
14|1|1|84||2200|
14|1|1|84||2201|
14|1|1|84||2202|
14|1|1|84||2203|
14|1|1|84||2204|
14|1|1|84||2205|
14|1|1|84||2206|
14|1|1|84||2207|
14|1|1|84||2208|
14|1|1|84||2209|
14|1|1|84||2210|
14|1|1|84||2211|
14|1|1|95||2396|
14|1|1|95||2397|
14|1|1|95||2398|
14|1|1|95||2399|
14|1|1|95||2400|
14|1|1|95||2401|
14|1|1|95||2402|
14|1|1|95||2403|
14|1|1|95||2404|
14|1|1|95||2405|
14|1|1|95||2406|
14|1|1|95||2407|
14|1|1|95||2408|
14|1|1|95||2409|
14|1|1|95||2410|
14|1|1|95||2411|
14|1|1|95||2412|
14|1|1|95||2413|
14|1|1|95||2414|
14|1|1|95||2415|
14|1|1|95||2416|
14|1|1|95||2417|
14|1|1|96||2418|
14|1|1|96||2419|
14|1|1|96||2420|
14|1|1|96||2421|
14|1|1|96||2422|
14|1|1|96||2423|
14|1|1|105||2742|
14|1|1|105||2743|
14|1|1|105||2744|
14|1|1|105||2745|
14|1|1|105||2746|
14|1|1|105||2747|
14|1|1|115||2839|
14|1|1|115||2840|
14|1|1|115||2841|
14|1|1|115||2842|
14|1|1|115||2843|
14|1|1|115||2844|
14|1|1|115||2845|
14|1|1|115||2846|
14|2|2|36||501|
14|2|2|36||502|
14|2|2|36||503|
14|2|2|36||504|
14|2|2|36||505|
14|2|2|36||506|
14|2|2|36||507|
14|2|2|36||508|
14|2|2|36||509|
14|2|2|36||510|
14|2|2|36||511|
14|2|2|36||512|
14|2|2|36||513|
14|2|2|36||514|
14|2|2|36||515|
14|2|2|36||516|
14|2|2|36||517|
14|2|2|36||518|
14|2|2|36||519|
14|2|2|36||520|
14|2|2|36||521|
14|2|2|36||522|
14|2|2|36||523|
14|2|2|36||524|
14|2|2|36||525|
14|2|2|36||526|
14|2|2|36||527|
14|2|2|36||528|
14|2|2|36||529|
14|2|2|55||1702|
14|2|2|55||1703|
14|2|2|55||1704|
14|2|2|55||1705|
14|2|2|55||1706|
14|2|2|55||1707|
14|2|2|55||1708|
14|2|2|55||1709|
14|2|2|55||1710|
14|2|2|55||1711|
14|2|2|55||1712|
14|2|2|55||1713|
14|2|2|55||1714|
14|2|2|55||1715|
14|2|2|55||1716|
14|2|2|55||1717|
14|2|2|55||1718|
14|2|2|55||1719|
14|2|2|55||1720|
14|2|2|55||1721|
14|2|2|55||1722|
14|2|2|55||1723|
14|2|2|55||1724|
14|2|2|55||1725|
14|2|2|55||1726|
14|2|2|55||1727|
14|2|2|55||1728|
14|2|2|55||1729|
14|2|2|55||1730|
14|2|2|55||1731|
14|2|2|55||1732|
14|2|2|55||1733|
14|2|2|55||1734|
14|2|2|55||1735|
14|2|2|55||1736|
14|2|2|55||1737|
14|2|2|55||1738|
14|2|2|55||1739|
14|2|2|55||1740|
14|2|2|55||1741|
14|2|2|55||1742|
14|2|2|55||1743|
14|2|2|55||1744|
14|2|2|55||1745|
14|2|2|55||1746|
14|2|2|55||1747|
14|2|2|55||1748|
14|2|2|55||1749|
14|2|2|55||1750|
14|2|2|55||1751|
14|2|2|55||1752|
14|2|2|55||1753|
14|2|2|55||1754|
14|2|2|55||1755|
14|2|2|55||1756|
14|2|2|55||1757|
14|2|2|55||1758|
14|2|2|55||1759|
14|2|2|55||1760|
14|2|2|55||1761|
14|2|2|55||1762|
14|2|2|55||1763|
14|2|2|55||1764|
14|2|2|55||1765|
14|2|2|55||1766|
14|2|2|55||1767|
14|2|2|55||1768|
14|2|2|55||1769|
14|2|2|55||1770|
14|2|2|55||1771|
14|2|2|55||1772|
14|2|2|55||1773|
14|2|2|55||1774|
14|2|2|55||1775|
14|2|2|66||1886|
14|2|2|66||1887|
14|2|2|66||1888|
14|2|2|66||1889|
14|2|2|66||1890|
14|2|2|66||1891|
14|2|2|66||1892|
14|2|2|66||1893|
14|2|2|66||1894|
14|2|2|66||1895|
14|2|2|66||1896|
14|2|2|66||1897|
14|2|2|66||1898|
14|2|2|66||1899|
14|2|2|66||1900|
14|2|6|74||2055|
14|2|6|74||2056|
14|2|6|74||2057|
14|2|6|74||2058|
14|2|6|74||2059|
14|2|6|74||2060|
14|2|6|74||2061|
14|2|6|74||2062|
14|2|2|75||2063|
14|2|2|75||2064|
14|2|2|75||2065|
14|2|2|75||2066|
14|2|2|75||2067|
14|2|2|75||2068|
14|2|2|75||2069|
14|2|2|75||2070|
14|2|2|75||2071|
14|2|2|75||2072|
14|2|2|75||2073|
14|2|2|75||2074|
14|2|2|75||2075|
14|2|2|75||2076|
14|2|2|75||2077|
14|2|2|75||2078|
14|2|2|75||2079|
14|2|2|75||2080|
14|2|2|75||2081|
14|2|2|75||2082|
14|2|2|75||2083|
14|2|2|75||2084|
14|2|2|75||2085|
14|2|2|75||2086|
14|2|2|75||2087|
14|2|2|75||2088|
14|2|2|75||2089|
14|2|2|75||2090|
14|2|2|75||2091|
14|2|2|75||2092|
14|2|2|75||2093|
14|2|2|75||2094|
14|2|2|75||2095|
14|2|2|75||2096|
14|2|6|76||2097|
14|2|6|76||2098|
14|2|6|76||2099|
14|2|6|76||2100|
14|2|6|76||2101|
14|2|6|76||2102|
14|2|6|76||2103|
14|2|6|76||2104|
14|2|6|76||2105|
14|2|6|76||2106|
14|2|2|92||2307|
14|2|2|92||2308|
14|2|2|92||2309|
14|2|2|92||2310|
14|2|2|92||2311|
14|2|2|92||2312|
14|2|2|92||2313|
14|2|2|92||2314|
14|2|2|92||2315|
14|2|2|92||2316|
14|2|2|92||2317|
14|2|2|92||2318|
14|2|2|92||2319|
14|2|2|92||2320|
14|2|2|92||2321|
14|2|2|92||2322|
14|2|2|92||2323|
14|2|2|92||2324|
14|2|2|92||2325|
14|2|2|92||2326|
14|2|2|92||2327|
14|2|2|92||2328|
14|2|2|92||2329|
14|2|2|110||2794|
14|2|2|110||2795|
14|2|2|110||2796|
14|2|2|110||2797|
14|2|2|110||2798|
14|2|2|110||2799|
14|2|2|110||2800|
14|2|2|110||2801|
14|2|2|110||2802|
14|2|2|110||2803|
14|2|2|116||2847|
14|2|2|116||2848|
14|2|2|116||2849|
14|2|2|116||2850|
14|2|2|116||2851|
14|2|2|116||2852|
14|2|2|116||2853|
14|2|2|116||2854|
14|3|6|1||1|
14|3|6|1||2|
14|3|6|1||3|
14|3|6|1||4|
14|3|6|1||5|
14|3|6|1||6|
14|3|6|1||7|
14|3|6|1||8|
14|3|6|1||9|
14|3|6|1||10|
14|3|6|1||11|
14|3|6|1||12|
14|3|6|8||102|
14|3|6|8||103|
14|3|6|8||104|
14|3|6|8||105|
14|3|6|8||106|
14|3|6|8||107|
14|3|6|8||108|
14|3|6|8||109|
14|3|6|8||110|
14|3|6|8||111|
14|3|6|8||112|
14|3|6|8||113|
14|3|6|8||114|
14|3|6|8||115|
14|3|6|8||116|
14|3|6|8||117|
14|3|6|8||118|
14|3|6|8||119|
14|3|6|8||120|
14|3|6|8||121|
14|3|6|8||122|
14|3|6|8||123|
14|3|6|8||124|
14|3|6|8||125|
14|3|6|8||126|
14|3|6|8||127|
14|3|6|8||128|
14|3|6|8||129|
14|3|6|8||130|
14|3|6|8||131|
14|3|6|8||132|
14|3|6|8||133|
14|3|6|8||134|
14|3|6|8||135|
14|3|6|8||136|
14|3|6|8||137|
14|3|6|8||138|
14|3|6|48||1613|
14|3|6|48||1614|
14|3|6|48||1615|
14|3|6|48||1616|
14|3|6|48||1617|
14|3|6|48||1618|
14|3|6|48||1619|
14|3|6|48||1620|
14|3|6|48||1621|
14|3|6|48||1622|
14|3|6|48||1623|
14|3|6|48||1624|
14|3|6|48||1625|
14|3|6|48||1626|
14|3|6|48||1627|
14|3|6|48||1628|
14|3|6|48||1629|
14|3|6|48||1630|
14|3|6|48||1631|
14|3|6|48||1632|
14|3|6|48||1633|
14|3|6|48||1634|
14|3|8|50||1647|
14|3|8|50||1648|
14|3|8|50||1649|
14|3|8|50||1650|
14|3|8|50||1651|
14|3|8|50||1652|
14|3|8|50||1653|
14|3|8|50||1654|
14|3|8|50||1655|
14|3|8|50||1656|
14|3|8|50||1657|
14|3|8|50||1658|
14|3|8|50||1659|
14|3|8|50||1660|
14|3|6|62||1824|
14|3|6|62||1825|
14|3|6|62||1826|
14|3|6|62||1827|
14|3|6|62||1828|
14|3|6|62||1829|
14|3|6|62||1830|
14|3|6|80||2132|
14|3|6|80||2133|
14|3|6|80||2134|
14|3|6|80||2135|
14|3|6|80||2136|
14|3|6|80||2137|
14|3|6|80||2138|
14|3|6|80||2139|
14|3|6|80||2140|
14|3|6|80||2141|
14|3|6|80||2142|
14|3|6|80||2143|
14|3|6|80||2144|
14|3|6|80||2145|
14|3|6|80||2146|
14|3|6|80||2147|
14|3|6|80||2148|
14|3|6|80||2149|
14|3|6|94||2340|
14|3|6|94||2341|
14|3|6|94||2342|
14|3|6|94||2343|
14|3|6|94||2344|
14|3|6|94||2345|
14|3|6|94||2346|
14|3|6|94||2347|
14|3|6|94||2348|
14|3|6|94||2349|
14|3|6|94||2350|
14|3|6|94||2351|
14|3|6|94||2352|
14|3|6|94||2353|
14|3|6|94||2354|
14|3|6|94||2355|
14|3|6|94||2356|
14|3|6|94||2357|
14|3|6|94||2358|
14|3|6|94||2359|
14|3|6|94||2360|
14|3|6|94||2361|
14|3|6|94||2362|
14|3|6|94||2363|
14|3|6|94||2364|
14|3|6|94||2365|
14|3|6|94||2366|
14|3|6|94||2367|
14|3|6|94||2368|
14|3|6|94||2369|
14|3|6|94||2370|
14|3|6|94||2371|
14|3|6|94||2372|
14|3|6|94||2373|
14|3|6|94||2374|
14|3|6|94||2375|
14|3|6|94||2376|
14|3|6|94||2377|
14|3|6|94||2378|
14|3|6|94||2379|
14|3|6|94||2380|
14|3|6|94||2381|
14|3|6|94||2382|
14|3|6|94||2383|
14|3|6|94||2384|
14|3|6|94||2385|
14|3|6|94||2386|
14|3|6|94||2387|
14|3|6|94||2388|
14|3|6|94||2389|
14|3|6|94||2390|
14|3|6|94||2391|
14|3|6|94||2392|
14|3|6|94||2393|
14|3|6|94||2394|
14|3|6|94||2395|
14|3|6|112||2816|
14|3|6|112||2817|
14|3|6|112||2818|
14|3|6|112||2819|
14|3|6|112||2820|
14|3|6|112||2821|
14|3|6|112||2822|
14|3|6|112||2823|
14|3|6|117||2855|
14|3|6|117||2856|
14|3|6|117||2857|
14|3|6|117||2858|
14|3|6|117||2859|
14|3|6|117||2860|
14|3|6|117||2861|
14|3|6|118||2862|
14|3|6|118||2863|
14|3|6|118||2864|
14|3|6|118||2865|
14|3|6|118||2866|
14|3|6|118||2867|
14|3|6|118||2868|
14|3|6|118||2869|
14|3|6|118||2870|
14|3|6|118||2871|
14|3|6|118||2872|
14|3|6|118||2873|
14|3|6|118||2874|
14|3|6|118||2875|
14|3|6|118||2876|
14|3|6|118||2877|
14|3|6|118||2878|
14|3|6|118||2879|
14|3|6|118||2880|
14|3|6|118||2881|
14|3|6|118||2882|
14|3|6|118||2883|
14|4|1|30||445|
14|4|1|30||446|
14|4|1|30||447|
14|4|1|30||448|
14|4|1|30||449|
14|4|1|30||450|
14|4|1|30||451|
14|4|1|30||452|
14|4|1|30||453|
14|4|1|30||454|
14|4|1|30||455|
14|4|1|30||456|
14|4|1|47||1602|
14|4|1|47||1603|
14|4|1|47||1604|
14|4|1|47||1605|
14|4|1|47||1606|
14|4|1|47||1607|
14|4|1|47||1608|
14|4|1|47||1609|
14|4|1|47||1610|
14|4|1|47||1611|
14|4|1|47||1612|
14|4|1|73||2050|
14|4|1|73||2051|
14|4|1|73||2052|
14|4|1|73||2053|
14|4|1|73||2054|
14|4|18|120||2909|
14|4|18|120||2910|
14|4|18|120||2915|
14|4|18|120||2916|
14|4|18|120||2917|
14|4|18|120||2918|
14|4|18|120||2919|
14|4|18|120||2920|
14|4|18|120||2921|
14|4|18|120||2922|
14|4|18|120||2923|
14|4|18|120||2924|
14|4|18|120||2925|
14|4|18|120||2926|
14|4|18|120||2927|
14|4|18|120||2928|
14|4|18|120||2929|
14|4|18|120||2930|
14|4|18|120||2931|
14|4|18|120||2932|
14|4|18|120||2933|
14|4|18|120||2934|
14|4|18|120||2935|
14|4|18|120||2936|
14|4|18|120||2937|
14|4|18|120||2938|
14|4|18|120||2939|
14|4|18|120||2940|
14|4|18|120||2941|
14|4|18|120||2942|
14|4|18|120||2943|
14|4|18|120||2944|
14|4|18|120||2945|
14|4|18|120||2946|
14|4|18|120||2947|
14|4|18|120||2948|
14|4|18|120||2949|
14|4|18|120||2950|
14|4|18|120||2951|
14|4|18|120||2952|
14|4|18|120||2953|
14|4|18|120||2954|
14|4|18|120||2955|
14|4|18|120||2956|
14|4|18|120||2957|
14|4|18|120||2958|
14|4|18|120||2959|
14|4|18|120||2960|
14|4|18|120||2961|
14|4|18|120||2962|
14|4|18|120||2963|
14|4|18|120||2964|
14|4|18|120||2965|
14|4|18|120||2966|
14|4|18|120||2967|
14|4|18|120||2968|
14|4|18|120||2969|
14|4|18|120||2970|
14|4|18|120||2971|
14|4|18|120||2972|
14|4|18|120||2973|
14|4|18|120||2974|
14|4|18|120||2975|
14|4|18|120||2976|
14|4|18|120||2977|
14|4|18|120||2978|
14|4|18|120||2979|
14|4|18|120||2980|
14|4|18|120||2981|
14|4|18|120||2982|
14|4|18|120||2983|
14|4|18|120||2984|
14|4|18|120||2985|
14|4|18|120||2986|
14|4|18|120||2987|
14|4|18|120||2988|
14|4|18|120||2989|
14|4|18|120||2990|
14|4|18|120||2991|
14|4|18|120||2992|
14|4|18|120||2993|
14|4|18|120||2994|
14|4|18|120||2995|
14|4|18|120||2996|
14|4|18|120||2997|
14|4|18|120||2998|
14|4|18|120||2999|
14|4|18|120||3000|
14|4|18|120||3001|
14|4|18|120||3002|
14|4|18|120||3003|
14|4|18|120||3004|
14|4|18|120||3005|
14|4|18|120||3006|
14|4|18|120||3007|
14|4|18|120||3008|
14|4|18|120||3009|
14|4|18|120||3010|
14|4|18|120||3011|
14|4|18|120||3012|
14|4|18|120||3013|
14|4|18|120||3014|
14|4|18|120||3015|
14|4|18|120||3016|
14|4|18|120||3017|
14|4|16|120||3024|
14|4|16|120||3026|
14|4|18|120||3027|
14|4|18|120||3028|
14|4|16|120||3029|
14|5|5|6||48|
14|5|5|6||49|
14|5|5|6||50|
14|5|5|6||51|
14|5|5|6||52|
14|5|5|6||53|
14|5|5|6||54|
14|5|5|6||55|
14|5|5|6||56|
14|5|5|6||57|
14|5|5|6||58|
14|5|5|6||59|
14|5|5|6||60|
14|5|5|6||61|
14|5|5|6||62|
14|5|5|6||63|
14|5|5|6||64|
14|5|5|6||65|
14|5|5|6||66|
14|5|5|6||67|
14|5|5|6||68|
14|5|5|6||69|
14|5|5|6||70|
14|5|5|6||71|
14|5|5|6||72|
14|5|5|6||73|
14|5|5|6||74|
14|5|5|6||75|
14|5|5|6||76|
14|5|5|6||77|
14|5|5|6||78|
14|5|5|6||79|
14|5|5|6||80|
14|5|5|6||81|
14|5|5|6||82|
14|5|5|6||83|
14|5|5|6||84|
14|5|5|6||85|
14|5|5|6||86|
14|5|5|6||87|
14|5|5|6||88|
14|5|5|6||89|
14|5|5|6||90|
14|5|5|6||91|
14|5|5|6||92|
14|5|5|6||93|
14|5|3|12||155|
14|5|3|12||156|
14|5|3|12||157|
14|5|3|12||158|
14|5|3|12||159|
14|5|3|12||160|
14|5|3|20||296|
14|5|3|20||297|
14|5|3|20||298|
14|5|3|20||299|
14|5|3|20||300|
14|5|3|20||301|
14|5|3|40||561|
14|5|3|40||562|
14|5|3|40||563|
14|5|3|40||564|
14|5|3|40||565|
14|5|3|40||566|
14|5|3|40||567|
14|5|3|40||568|
14|5|3|40||569|
14|5|3|60||1802|
14|5|3|60||1803|
14|5|3|60||1804|
14|5|3|60||1805|
14|5|3|60||1806|
14|5|3|60||1807|
14|5|3|60||1808|
14|5|3|60||1809|
14|5|3|60||1810|
14|5|3|60||1811|
14|5|3|60||1812|
14|5|3|60||1813|
14|5|3|60||1814|
14|5|3|64||1840|
14|5|3|64||1841|
14|5|3|64||1842|
14|5|3|64||1843|
14|5|3|69||1934|
14|5|3|69||1935|
14|5|3|69||1936|
14|5|3|69||1937|
14|5|3|69||1938|
14|5|3|69||1939|
14|5|3|69||1940|
14|5|3|69||1941|
14|5|3|69||1942|
14|5|3|69||1943|
14|5|3|69||1944|
14|5|3|69||1945|
14|5|3|69||1946|
14|5|3|69||1947|
14|5|3|69||1948|
14|5|3|69||1949|
14|5|3|69||1950|
14|5|3|69||1951|
14|5|3|69||1952|
14|5|3|69||1953|
14|5|3|69||1954|
14|5|3|69||1955|
14|5|3|69||1956|
14|5|3|69||1957|
14|5|3|69||1958|
14|5|3|69||1959|
14|5|3|69||1960|
14|5|3|69||1961|
14|5|3|69||1962|
14|5|3|69||1963|
14|5|3|69||1964|
14|5|3|69||1965|
14|5|3|69||1966|
14|5|3|69||1967|
14|5|3|69||1968|
14|5|3|69||1969|
14|5|3|69||1970|
14|5|3|69||1971|
14|5|3|69||1972|
14|5|3|69||1973|
14|5|3|69||1974|
14|5|3|69||1975|
14|5|3|69||1976|
14|5|3|69||1977|
14|5|3|69||1978|
14|5|3|69||1979|
14|5|3|69||1980|
14|5|3|69||1981|
14|5|3|69||1982|
14|5|3|69||1983|
14|5|3|69||1984|
14|5|3|69||1985|
14|5|3|69||1986|
14|5|3|69||1987|
14|5|3|69||1988|
14|5|3|69||1989|
14|5|3|69||1990|
14|5|3|69||1991|
14|5|3|69||1992|
14|5|3|69||1993|
14|5|3|69||1994|
14|5|3|69||1995|
14|5|3|69||1996|
14|5|3|69||1997|
14|5|3|69||1998|
14|5|3|69||1999|
14|5|3|69||2000|
14|5|3|69||2001|
14|5|3|69||2002|
14|5|3|81||2150|
14|5|3|81||2151|
14|5|3|81||2152|
14|5|3|81||2153|
14|5|3|81||2154|
14|5|3|81||2155|
14|5|3|81||2156|
14|5|3|85||2212|
14|5|3|85||2213|
14|5|3|85||2214|
14|5|3|85||2215|
14|5|3|85||2216|
14|5|3|85||2217|
14|5|3|85||2218|
14|5|3|85||2219|
14|5|3|85||2220|
14|5|3|85||2221|
14|5|3|85||2222|
14|5|3|101||2633|
14|5|3|101||2634|
14|5|3|101||2635|
14|5|3|101||2636|
14|5|3|101||2637|
14|5|3|101||2638|
14|5|3|101||2639|
14|5|3|101||2640|
14|5|3|101||2641|
14|5|3|101||2642|
14|5|3|101||2643|
14|5|3|101||2644|
14|5|3|101||2645|
14|5|3|101||2646|
14|5|3|101||2647|
14|5|3|101||2648|
14|5|3|101||2649|
14|6|15|99||3317|
14|6|16|120||2900|
14|6|16|120||2901|
14|6|16|120||2902|
14|6|16|120||2903|
14|6|16|120||2904|
14|6|16|120||2905|
14|6|16|120||2906|
14|6|16|120||2907|
14|6|16|120||2908|
14|6|16|120||2911|
14|6|16|120||2912|
14|6|16|120||2913|
14|6|16|120||2914|
14|6|16|120||3018|
14|6|16|120||3019|
14|6|16|120||3020|
14|6|16|120||3021|
14|6|16|120||3022|
14|6|16|120||3023|
14|6|16|120||3025|
14|6|16|120||3030|
14|6|16|120||3031|
14|6|16|120||3032|
14|6|16|120||3033|
14|6|16|120||3034|
14|6|16|120||3035|
14|6|16|120||3036|
14|6|16|120||3037|
14|6|16|120||3038|
14|6|16|120||3039|
14|6|16|120||3040|
14|6|16|120||3041|
14|6|16|120||3042|
14|6|16|120||3043|
14|6|16|120||3044|
14|6|16|120||3045|
14|6|16|120||3046|
14|6|16|120||3047|
14|6|16|120||3048|
14|6|16|120||3049|
14|6|16|120||3050|
14|6|16|120||3051|
14|6|16|120||3052|
14|6|16|120||3053|
14|6|16|120||3054|
14|6|16|120||3055|
14|6|16|120||3056|
14|6|16|120||3057|
14|6|16|120||3058|
14|6|16|120||3059|
14|6|16|120||3060|
14|6|16|120||3061|
14|6|16|120||3062|
14|6|16|120||3063|
14|6|16|120||3064|
14|6|16|120||3065|
14|6|16|120||3066|
14|6|16|120||3068|
14|6|16|120||3069|
14|6|16|120||3070|
14|6|16|120||3071|
14|6|16|120||3072|
14|6|16|120||3073|
14|6|16|120||3074|
14|6|16|120||3075|
14|6|16|120||3076|
14|6|16|120||3085|
14|6|16|120||3086|
14|6|16|120||3087|
14|6|16|120||3116|
14|6|16|120||3117|
14|6|16|120||3118|
14|6|16|120||3119|
14|6|17|120||3120|
14|6|17|120||3121|
14|6|17|120||3122|
14|6|17|120||3150|
14|6|17|120||3151|
14|6|17|120||3152|
14|6|17|120||3153|
14|6|17|120||3154|
14|6|17|120||3155|
14|6|17|120||3156|
14|6|17|120||3157|
14|6|17|120||3158|
14|6|17|120||3159|
14|6|17|120||3160|
14|6|17|120||3206|
14|6|17|120||3207|
14|6|17|120||3208|
14|6|17|120||3209|
14|6|17|120||3210|
14|6|17|120||3211|
14|6|17|120||3212|
14|6|17|120||3213|
14|6|17|120||3214|
14|6|17|120||3215|
14|6|17|120||3216|
14|6|17|120||3217|
14|6|17|120||3218|
14|6|17|120||3219|
14|6|17|120||3220|
14|6|17|120||3221|
14|6|17|120||3222|
14|6|17|120||3223|
14|6|17|120||3224|
14|6|17|120||3225|
14|6|16|120||3226|
14|6|16|120||3227|
14|6|16|120||3228|
14|6|16|120||3229|
14|6|16|120||3230|
14|6|16|120||3231|
14|6|16|120||3232|
14|6|16|120||3233|
14|6|16|120||3234|
14|6|16|120||3235|
14|6|17|120||3236|
14|6|16|120||3237|
14|7|7|53||1689|
14|7|7|53||1690|
14|7|7|53||1691|
14|7|7|53||1692|
14|7|7|53||1693|
14|7|7|53||1694|
14|7|7|53||1695|
14|7|14|72||2024|
14|7|14|72||2025|
14|7|14|72||2026|
14|7|14|72||2027|
14|7|14|72||2028|
14|7|14|72||2029|
14|7|14|72||2030|
14|7|14|72||2031|
14|7|14|72||2032|
14|7|14|72||2033|
14|7|14|72||2034|
14|7|14|72||2035|
14|7|14|72||2036|
14|7|14|72||2037|
14|7|14|72||2038|
14|7|14|72||2039|
14|7|14|72||2040|
14|7|14|72||2041|
14|7|14|72||2042|
14|7|14|72||2043|
14|7|14|72||2044|
14|7|14|72||2045|
14|7|14|72||2046|
14|7|14|72||2047|
14|7|14|72||2048|
14|7|14|72||2049|
14|7|14|99||3310|
14|7|19|102||2650|
14|7|19|102||2651|
14|7|19|102||2652|
14|7|19|102||2653|
14|7|19|102||2654|
14|7|19|102||2655|
14|7|19|102||2656|
14|7|19|102||2657|
14|7|19|102||2658|
14|7|19|102||2659|
14|7|19|102||2660|
14|7|19|102||2661|
14|7|19|102||2662|
14|7|19|102||2663|
14|7|19|102||2664|
14|7|19|102||2665|
14|7|19|102||2666|
14|7|19|102||2667|
14|7|19|102||2668|
14|7|19|102||2669|
14|7|19|102||2670|
14|7|19|102||2671|
14|7|19|102||2672|
14|7|19|102||2673|
14|7|19|102||2674|
14|7|19|102||2675|
14|7|19|102||2676|
14|7|19|102||2677|
14|7|19|102||2678|
14|7|19|102||2679|
14|7|19|102||2680|
14|7|19|102||2681|
14|7|19|102||2682|
14|7|19|102||2683|
14|7|19|102||2684|
14|7|19|102||2685|
14|7|19|102||2686|
14|7|19|102||2687|
14|7|19|102||2688|
14|7|19|102||2689|
14|7|19|102||2690|
14|7|19|102||2691|
14|7|19|102||2692|
14|7|19|102||2693|
14|7|19|102||2694|
14|7|19|102||2695|
14|7|19|102||2696|
14|7|19|102||2697|
14|7|19|102||2698|
14|7|19|102||2699|
14|7|19|102||2700|
14|7|19|102||2701|
14|7|19|102||2702|
14|7|19|102||2703|
14|7|19|102||2704|
14|7|19|102||2705|
14|7|19|102||2706|
14|7|19|102||2707|
14|7|19|102||2708|
14|7|19|102||2709|
14|7|19|102||2710|
14|7|19|102||2711|
14|7|19|102||2712|
14|7|19|102||2713|
14|7|19|102||2714|
14|7|19|102||2715|
14|7|19|102||2716|
14|7|19|102||2717|
14|7|19|102||2718|
14|7|19|102||2719|
14|7|19|102||2720|
14|7|19|102||2721|
14|7|19|102||2722|
14|7|19|102||2723|
14|7|19|102||2724|
14|7|19|102||2725|
14|7|19|102||2726|
14|7|19|102||2727|
14|7|19|102||2728|
14|7|19|102||2729|
14|7|7|124||3278|
14|7|7|124||3279|
14|7|7|124||3280|
14|7|7|124||3281|
14|7|7|124||3282|
14|7|7|124||3283|
14|7|7|124||3284|
14|7|7|124||3285|
14|7|7|124||3286|
14|7|7|124||3287|
14|7|7|124||3288|
14|7|7|124||3289|
14|7|7|124||3290|
14|7|7|124||3291|
14|7|7|124||3292|
14|7|7|124||3293|
14|7|7|124||3294|
14|7|7|124||3295|
14|7|7|124||3296|
14|7|7|124||3297|
14|7|7|124||3298|
14|7|7|124||3299|
14|7|7|124||3300|
14|7|7|124||3301|
14|7|7|124||3302|
14|7|7|124||3303|
14|7|7|124||3304|
14|7|7|124||3305|
14|7|7|124||3306|
14|7|7|124||3307|
14|7|7|124||3308|
14|7|7|124||3309|
14|8|11|41||1087|
14|8|11|41||1088|
14|8|11|41||1089|
14|8|11|41||1090|
14|8|11|41||1091|
14|8|11|41||1092|
14|8|11|41||1093|
14|8|11|41||1094|
14|8|11|41||1095|
14|8|9|41||1096|
14|8|9|41||1097|
14|8|9|41||1098|
14|8|9|41||1099|
14|8|9|41||1100|
14|8|9|41||1101|
14|8|9|41||1102|
14|8|9|41||1103|
14|8|9|41||1104|
14|8|9|41||1105|
14|8|9|41||1106|
14|8|9|41||1107|
14|8|9|41||1108|
14|8|9|41||1109|
14|8|11|41||1110|
14|8|11|41||1111|
14|8|11|41||1112|
14|8|11|41||1113|
14|8|11|41||1114|
14|8|11|41||1115|
14|8|11|41||1116|
14|8|11|41||1117|
14|8|11|41||1118|
14|8|11|41||1119|
14|8|11|41||1120|
14|8|11|41||1121|
14|8|11|41||1122|
14|8|11|41||1123|
14|8|11|41||1124|
14|8|11|41||1125|
14|8|11|41||1126|
14|8|11|41||1127|
14|8|11|41||1128|
14|8|11|41||1129|
14|8|11|41||1130|
14|8|11|41||1131|
14|8|11|41||1132|
14|8|11|41||1133|
14|8|11|41||1134|
14|8|11|41||1135|
14|8|11|41||1136|
14|8|11|41||1137|
14|8|11|41||1138|
14|8|11|41||1139|
14|8|11|41||1140|
14|8|11|41||1141|
14|8|11|41||1142|
14|8|11|41||1143|
14|8|11|41||1144|
14|8|11|41||1145|
14|8|11|41||1146|
14|8|11|41||1147|
14|8|11|41||1148|
14|8|11|41||1149|
14|8|11|41||1150|
14|8|11|41||1151|
14|8|11|41||1152|
14|8|11|41||1153|
14|8|11|41||1154|
14|8|11|41||1155|
14|8|11|41||1156|
14|8|11|41||1157|
14|8|11|41||1158|
14|8|11|41||1159|
14|8|11|41||1160|
14|8|11|41||1161|
14|8|11|41||1162|
14|8|11|41||1163|
14|8|11|41||1164|
14|8|11|41||1165|
14|8|11|41||1166|
14|8|11|41||1167|
14|8|11|41||1168|
14|8|11|41||1169|
14|8|11|41||1170|
14|8|11|41||1171|
14|8|11|41||1172|
14|8|11|41||1173|
14|8|11|41||1174|
14|8|11|41||1175|
14|8|11|41||1176|
14|8|11|41||1177|
14|8|11|41||1178|
14|8|11|41||1179|
14|8|11|41||1180|
14|8|11|41||1181|
14|8|11|41||1182|
14|8|11|41||1183|
14|8|11|41||1184|
14|8|11|41||1185|
14|8|11|41||1186|
14|8|9|41||1187|
14|8|9|41||1188|
14|8|9|41||1189|
14|8|9|41||1192|
14|8|9|41||1193|
14|8|9|41||1201|
14|8|9|41||1202|
14|8|9|41||1203|
14|8|9|41||1204|
14|8|9|41||1205|
14|8|9|41||1206|
14|8|9|41||1207|
14|8|9|41||1208|
14|8|9|41||1209|
14|8|9|41||1210|
14|8|9|41||1211|
14|8|9|41||1212|
14|8|9|41||1213|
14|8|9|41||1214|
14|8|9|41||1215|
14|8|9|41||1216|
14|8|9|41||1217|
14|8|9|41||1218|
14|8|9|41||1219|
14|8|9|41||1220|
14|8|9|41||1221|
14|8|9|41||1247|
14|8|9|41||1248|
14|8|9|41||1249|
14|8|9|41||1250|
14|8|9|41||1251|
14|8|9|41||1252|
14|8|9|41||1253|
14|8|9|41||1254|
14|8|9|41||1255|
14|8|9|41||1256|
14|8|9|41||1257|
14|8|9|41||1258|
14|8|9|41||1259|
14|8|9|41||1260|
14|8|9|41||1261|
14|8|9|41||1294|
14|8|9|41||1295|
14|8|9|41||1296|
14|8|9|41||1297|
14|8|9|41||1298|
14|8|9|41||1299|
14|8|9|41||1300|
14|8|9|41||1301|
14|8|9|41||1302|
14|8|9|41||1303|
14|8|9|41||1304|
14|8|9|41||1305|
14|8|9|41||1306|
14|8|9|41||1307|
14|8|9|41||1308|
14|8|9|41||1352|
14|8|9|41||1353|
14|8|9|41||1354|
14|8|9|41||1355|
14|8|9|41||1356|
14|8|11|41||1357|
14|8|11|41||1358|
14|8|11|41||1359|
14|8|11|41||1360|
14|8|11|41||1361|
14|9|13|41||633|
14|9|13|41||634|
14|9|13|41||635|
14|9|13|41||636|
14|9|13|41||637|
14|9|13|41||638|
14|9|13|41||639|
14|9|13|41||641|
14|9|13|41||642|
14|9|13|41||643|
14|9|13|41||644|
14|9|13|41||645|
14|9|13|41||646|
14|9|13|41||647|
14|9|13|41||648|
14|9|13|41||649|
14|9|13|41||650|
14|9|13|41||651|
14|9|13|41||652|
14|9|9|41||1190|
14|9|9|41||1191|
14|9|9|41||1194|
14|9|9|41||1195|
14|9|9|41||1196|
14|9|9|41||1197|
14|9|9|41||1198|
14|9|9|41||1199|
14|9|9|41||1200|
14|9|9|41||1222|
14|9|9|41||1223|
14|9|9|41||1224|
14|9|9|41||1225|
14|9|9|41||1226|
14|9|9|41||1227|
14|9|9|41||1228|
14|9|9|41||1229|
14|9|9|41||1230|
14|9|9|41||1231|
14|9|9|41||1232|
14|9|9|41||1233|
14|9|9|41||1234|
14|9|9|41||1235|
14|9|9|41||1236|
14|9|9|41||1237|
14|9|9|41||1238|
14|9|9|41||1239|
14|9|9|41||1240|
14|9|9|41||1241|
14|9|9|41||1242|
14|9|9|41||1243|
14|9|9|41||1244|
14|9|9|41||1245|
14|9|9|41||1246|
14|9|9|41||1262|
14|9|9|41||1263|
14|9|9|41||1264|
14|9|9|41||1265|
14|9|9|41||1266|
14|9|9|41||1267|
14|9|9|41||1268|
14|9|9|41||1269|
14|9|9|41||1270|
14|9|9|41||1271|
14|9|9|41||1272|
14|9|9|41||1273|
14|9|9|41||1274|
14|9|9|41||1275|
14|9|9|41||1276|
14|9|9|41||1277|
14|9|9|41||1278|
14|9|9|41||1279|
14|9|9|41||1280|
14|9|9|41||1281|
14|9|9|41||1282|
14|9|9|41||1283|
14|9|9|41||1284|
14|9|9|41||1285|
14|9|9|41||1286|
14|9|9|41||1287|
14|9|9|41||1288|
14|9|9|41||1289|
14|9|9|41||1290|
14|9|9|41||1291|
14|9|9|41||1292|
14|9|9|41||1293|
14|9|9|41||1309|
14|9|9|41||1310|
14|9|9|41||1311|
14|9|9|41||1312|
14|9|9|41||1313|
14|9|9|41||1314|
14|9|9|41||1315|
14|9|13|41||1316|
14|9|13|41||1317|
14|9|13|41||1318|
14|9|13|41||1319|
14|9|13|41||1320|
14|9|13|41||1321|
14|9|13|41||1322|
14|9|13|41||1323|
14|9|13|41||1324|
14|9|13|41||1325|
14|9|13|41||1326|
14|9|13|41||1327|
14|9|9|41||1328|
14|9|9|41||1329|
14|9|13|41||1330|
14|9|13|41||1331|
14|9|13|41||1332|
14|9|13|41||1333|
14|9|13|41||1334|
14|9|13|41||1335|
14|9|13|41||1336|
14|9|13|41||1337|
14|9|13|41||1338|
14|9|13|41||1339|
14|9|13|41||1340|
14|9|13|41||1341|
14|9|13|41||1342|
14|9|13|41||1343|
14|9|9|41||1344|
14|9|9|41||1345|
14|9|9|41||1346|
14|9|9|41||1347|
14|9|9|41||1348|
14|9|9|41||1349|
14|9|9|41||1350|
14|9|9|41||1351|
14|9|9|41||1362|
14|9|9|41||1363|
14|9|9|41||1364|
14|9|9|41||1365|
14|9|9|41||1366|
14|9|9|41||1367|
14|9|9|41||1368|
14|9|9|41||1369|
14|9|13|41||1370|
14|9|13|41||1371|
14|9|13|41||1372|
14|9|13|41||1373|
14|10|15|99||3172|
14|10|15|99||3199|
14|10|15|99||3201|
14|10|15|99||3202|
14|10|15|99||3203|
14|10|15|99||3204|
14|10|15|99||3316|
14|10|15|99||3318|
14|10|15|99||3319|
14|10|15|99||3320|
14|10|15|99||3321|
14|10|15|99||3322|
14|10|15|99||3323|
14|10|15|99||3324|
14|10|15|99||3325|
14|10|15|99||3326|
14|10|16|120||3067|
14|10|16|120||3077|
14|10|16|120||3078|
14|10|16|120||3079|
14|10|16|120||3080|
14|10|16|120||3081|
14|10|16|120||3082|
14|10|16|120||3083|
14|10|16|120||3084|
14|10|16|120||3088|
14|10|16|120||3089|
14|10|16|120||3090|
14|10|16|120||3091|
14|10|16|120||3092|
14|10|16|120||3093|
14|10|16|120||3094|
14|10|17|120||3095|
14|10|17|120||3096|
14|10|17|120||3097|
14|10|17|120||3098|
14|10|17|120||3099|
14|10|17|120||3100|
14|10|17|120||3101|
14|10|17|120||3102|
14|10|17|120||3103|
14|10|16|120||3104|
14|10|16|120||3105|
14|10|16|120||3106|
14|10|16|120||3107|
14|10|16|120||3108|
14|10|16|120||3109|
14|10|16|120||3110|
14|10|17|120||3111|
14|10|17|120||3112|
14|10|17|120||3113|
14|10|17|120||3114|
14|10|17|120||3115|
14|10|17|120||3123|
14|10|17|120||3124|
14|10|17|120||3125|
14|10|17|120||3126|
14|10|17|120||3127|
14|10|17|120||3128|
14|10|17|120||3129|
14|10|17|120||3130|
14|10|17|120||3131|
14|10|17|120||3132|
14|10|17|120||3133|
14|10|16|120||3134|
14|10|16|120||3135|
14|10|17|120||3136|
14|10|17|120||3137|
14|10|17|120||3138|
14|10|17|120||3139|
14|10|16|120||3140|
14|10|16|120||3141|
14|10|16|120||3142|
14|10|16|120||3143|
14|10|16|120||3144|
14|10|16|120||3145|
14|10|17|120||3146|
14|10|17|120||3147|
14|10|17|120||3148|
14|10|17|120||3149|
14|10|17|120||3161|
14|10|17|120||3162|
14|10|17|120||3163|
14|10|17|120||3164|
14|10|17|120||3165|
14|10|17|120||3166|
14|10|17|120||3167|
14|10|17|120||3168|
14|10|17|120||3169|
14|10|16|120||3170|
14|10|16|120||3171|
14|10|17|120||3173|
14|10|17|120||3174|
14|10|17|120||3175|
14|10|17|120||3176|
14|10|17|120||3177|
14|10|17|120||3178|
14|10|17|120||3179|
14|10|17|120||3180|
14|10|17|120||3181|
14|10|17|120||3182|
14|10|17|120||3183|
14|10|17|120||3184|
14|10|17|120||3185|
14|10|17|120||3186|
14|10|17|120||3187|
14|10|17|120||3188|
14|10|17|120||3189|
14|10|17|120||3190|
14|10|17|120||3191|
14|10|17|120||3192|
14|10|17|120||3193|
14|10|17|120||3194|
14|10|17|120||3195|
14|10|17|120||3196|
14|10|17|120||3197|
14|10|17|120||3198|
14|10|17|120||3200|
14|10|17|120||3205|
14|11|13|41||640|
14|11|13|41||653|
14|11|13|41||654|
14|11|13|41||655|
14|11|13|41||656|
14|11|13|41||657|
14|11|13|41||658|
14|11|13|41||659|
14|11|13|41||660|
14|11|13|41||661|
14|11|13|41||662|
14|11|13|41||663|
14|11|13|41||664|
14|11|13|41||665|
14|11|13|41||666|
14|11|13|41||667|
14|11|11|41||668|
14|11|11|41||669|
14|11|11|41||670|
14|11|11|41||671|
14|11|11|41||672|
14|11|11|41||673|
14|11|11|41||674|
14|11|11|41||675|
14|11|11|41||676|
14|11|11|41||677|
14|11|11|41||678|
14|11|11|41||679|
14|11|11|41||680|
14|11|11|41||681|
14|11|11|41||682|
14|11|11|41||683|
14|11|11|41||684|
14|11|11|41||685|
14|11|11|41||686|
14|11|11|41||687|
14|11|11|41||688|
14|11|13|41||689|
14|11|13|41||690|
14|11|13|41||691|
14|11|13|41||692|
14|11|13|41||693|
14|11|13|41||694|
14|11|13|41||695|
14|11|13|41||696|
14|11|13|41||697|
14|11|13|41||698|
14|11|13|41||699|
14|11|13|41||700|
14|11|13|41||701|
14|11|13|41||702|
14|11|13|41||703|
14|11|13|41||704|
14|11|13|41||705|
14|11|13|41||706|
14|11|13|41||707|
14|11|13|41||708|
14|11|13|41||709|
14|11|13|41||710|
14|11|13|41||711|
14|11|13|41||712|
14|11|13|41||713|
14|11|13|41||714|
14|11|13|41||715|
14|11|13|41||716|
14|11|13|41||717|
14|11|13|41||718|
14|11|13|41||719|
14|11|13|41||720|
14|11|13|41||721|
14|11|13|41||722|
14|11|13|41||723|
14|11|13|41||724|
14|11|13|41||725|
14|11|13|41||726|
14|11|13|41||727|
14|11|13|41||728|
14|11|13|41||729|
14|11|13|41||730|
14|11|11|41||1009|
14|11|11|41||1010|
14|11|11|41||1011|
14|11|11|41||1012|
14|11|11|41||1013|
14|11|11|41||1014|
14|11|11|41||1015|
14|11|11|41||1016|
14|11|13|41||1374|
14|11|13|41||1375|
14|11|13|41||1376|
14|11|13|41||1377|
14|11|13|41||1378|
14|11|13|41||1379|
14|11|13|41||1380|
14|11|13|41||1381|
14|11|13|41||1382|
14|11|13|41||1383|
14|11|13|41||1384|
14|11|13|41||1385|
14|11|13|41||1386|
14|11|13|41||1387|
14|11|13|41||1388|
14|11|13|41||1389|
14|11|13|41||1390|
14|11|13|41||1391|
14|11|13|41||1392|
14|11|13|41||1393|
14|11|13|41||1394|
14|11|13|41||1395|
14|11|13|41||1396|
14|11|13|41||1397|
14|11|13|41||1398|
14|11|13|41||1399|
14|11|13|41||1400|
14|11|13|41||1401|
14|11|13|41||1402|
14|11|13|41||1403|
14|11|13|41||1404|
14|11|13|41||1405|
14|11|13|41||1406|
14|11|13|41||1407|
14|11|13|41||1408|
14|11|13|41||1409|
14|11|13|41||1410|
14|11|13|41||1411|
14|11|13|41||1412|
14|11|13|41||1413|
14|11|13|41||1414|
14|11|13|41||1415|
14|11|13|41||1416|
14|11|13|41||1417|
14|11|13|41||1418|
14|11|13|41||1419|
14|11|13|41||1420|
14|11|13|41||1421|
14|11|13|41||1422|
14|11|13|41||1423|
14|11|13|41||1424|
14|11|13|41||1425|
14|11|13|41||1426|
14|11|13|41||1427|
14|11|13|41||1428|
14|11|13|41||1429|
14|11|13|41||1430|
14|11|13|41||1431|
14|11|13|41||1432|
14|11|13|41||1433|
14|11|13|41||1434|
14|11|13|41||1435|
14|11|13|41||1436|
14|11|13|41||1437|
14|11|13|41||1438|
14|11|13|41||1459|
14|11|13|41||1463|
14|11|13|41||1464|
14|12|11|41||570|
14|12|11|41||571|
14|12|11|41||572|
14|12|11|41||573|
14|12|11|41||574|
14|12|11|41||575|
14|12|11|41||576|
14|12|11|41||577|
14|12|11|41||578|
14|12|11|41||579|
14|12|11|41||580|
14|12|11|41||581|
14|12|11|41||582|
14|12|11|41||583|
14|12|11|41||584|
14|12|11|41||585|
14|12|11|41||586|
14|12|11|41||587|
14|12|11|41||588|
14|12|11|41||589|
14|12|11|41||590|
14|12|11|41||591|
14|12|11|41||592|
14|12|11|41||593|
14|12|11|41||594|
14|12|11|41||595|
14|12|11|41||596|
14|12|11|41||597|
14|12|11|41||598|
14|12|11|41||599|
14|12|11|41||600|
14|12|11|41||601|
14|12|11|41||602|
14|12|11|41||603|
14|12|11|41||604|
14|12|11|41||605|
14|12|11|41||606|
14|12|11|41||607|
14|12|11|41||608|
14|12|11|41||609|
14|12|11|41||610|
14|12|11|41||611|
14|12|11|41||612|
14|12|11|41||613|
14|12|11|41||614|
14|12|11|41||615|
14|12|11|41||616|
14|12|11|41||617|
14|12|11|41||618|
14|12|11|41||619|
14|12|11|41||620|
14|12|11|41||621|
14|12|11|41||622|
14|12|11|41||623|
14|12|11|41||624|
14|12|11|41||625|
14|12|11|41||626|
14|12|11|41||627|
14|12|11|41||628|
14|12|11|41||629|
14|12|11|41||630|
14|12|11|41||631|
14|12|11|41||632|
14|12|11|41||757|
14|12|11|41||758|
14|12|11|41||759|
14|12|11|41||760|
14|12|11|41||761|
14|12|11|41||762|
14|12|11|41||763|
14|12|11|41||764|
14|12|12|41||765|
14|12|12|41||766|
14|12|12|41||767|
14|12|12|41||768|
14|12|12|41||769|
14|12|12|41||770|
14|12|10|41||771|
14|12|10|41||772|
14|12|10|41||773|
14|12|10|41||774|
14|12|10|41||775|
14|12|10|41||776|
14|12|10|41||777|
14|12|10|41||778|
14|12|10|41||779|
14|12|10|41||780|
14|12|10|41||781|
14|12|10|41||782|
14|12|10|41||783|
14|12|10|41||784|
14|12|10|41||785|
14|12|10|41||786|
14|12|10|41||787|
14|12|10|41||788|
14|12|10|41||789|
14|12|10|41||790|
14|12|12|41||795|
14|12|12|41||796|
14|12|12|41||797|
14|12|12|41||798|
14|12|12|41||799|
14|12|12|41||800|
14|12|12|41||801|
14|12|12|41||802|
14|12|12|41||803|
14|12|12|41||804|
14|12|12|41||805|
14|12|12|41||806|
14|12|12|41||807|
14|12|12|41||808|
14|12|12|41||809|
14|12|12|41||810|
14|12|12|41||811|
14|12|12|41||812|
14|12|12|41||813|
14|12|12|41||814|
14|12|12|41||815|
14|12|12|41||816|
14|12|12|41||817|
14|12|12|41||818|
14|12|12|41||819|
14|12|12|41||820|
14|12|12|41||821|
14|12|12|41||830|
14|12|12|41||831|
14|12|12|41||832|
14|12|12|41||833|
14|12|12|41||834|
14|12|12|41||835|
14|12|12|41||836|
14|12|12|41||837|
14|12|12|41||838|
14|12|12|41||886|
14|12|12|41||887|
14|12|12|41||888|
14|12|12|41||889|
14|12|12|41||890|
14|12|12|41||891|
14|12|12|41||892|
14|12|12|41||893|
14|12|12|41||894|
14|12|12|41||910|
14|12|12|41||911|
14|12|12|41||912|
14|12|12|41||913|
14|12|12|41||914|
14|12|12|41||915|
14|12|12|41||916|
14|12|11|41||1050|
14|12|11|41||1051|
14|12|11|41||1052|
14|12|11|41||1053|
14|12|11|41||1054|
14|12|11|41||1055|
14|12|11|41||1056|
14|12|11|41||1057|
14|12|11|41||1058|
14|12|11|41||1059|
14|12|11|41||1060|
14|12|11|41||1061|
14|12|11|41||1062|
14|12|11|41||1063|
14|12|11|41||1064|
14|12|11|41||1065|
14|12|11|41||1066|
14|12|10|41||1067|
14|12|11|41||1068|
14|12|11|41||1069|
14|12|11|41||1070|
14|12|11|41||1071|
14|12|10|41||1072|
14|12|10|41||1073|
14|12|10|41||1074|
14|12|10|41||1075|
14|12|11|41||1076|
14|12|11|41||1077|
14|12|11|41||1078|
14|12|10|41||1079|
14|12|10|41||1080|
14|12|10|41||1081|
14|12|10|41||1082|
14|12|10|41||1083|
14|12|10|41||1084|
14|12|10|41||1085|
14|12|10|41||1086|
14|13|13|41||731|
14|13|13|41||732|
14|13|13|41||733|
14|13|13|41||734|
14|13|11|41||735|
14|13|11|41||736|
14|13|11|41||737|
14|13|11|41||738|
14|13|11|41||739|
14|13|11|41||740|
14|13|11|41||741|
14|13|13|41||742|
14|13|13|41||743|
14|13|13|41||744|
14|13|13|41||745|
14|13|13|41||746|
14|13|13|41||747|
14|13|13|41||748|
14|13|13|41||749|
14|13|11|41||750|
14|13|11|41||751|
14|13|11|41||752|
14|13|10|41||753|
14|13|13|41||754|
14|13|13|41||755|
14|13|13|41||756|
14|13|10|41||929|
14|13|10|41||930|
14|13|10|41||931|
14|13|10|41||932|
14|13|10|41||933|
14|13|10|41||934|
14|13|10|41||935|
14|13|10|41||936|
14|13|10|41||937|
14|13|10|41||938|
14|13|10|41||939|
14|13|10|41||940|
14|13|10|41||941|
14|13|10|41||942|
14|13|10|41||943|
14|13|10|41||944|
14|13|10|41||945|
14|13|10|41||946|
14|13|10|41||947|
14|13|10|41||948|
14|13|10|41||949|
14|13|10|41||950|
14|13|10|41||951|
14|13|10|41||952|
14|13|10|41||953|
14|13|10|41||954|
14|13|10|41||955|
14|13|10|41||956|
14|13|10|41||957|
14|13|10|41||958|
14|13|10|41||959|
14|13|10|41||960|
14|13|10|41||961|
14|13|10|41||962|
14|13|10|41||963|
14|13|10|41||964|
14|13|10|41||965|
14|13|10|41||966|
14|13|10|41||975|
14|13|10|41||976|
14|13|11|41||1017|
14|13|11|41||1018|
14|13|11|41||1019|
14|13|11|41||1020|
14|13|11|41||1021|
14|13|11|41||1022|
14|13|11|41||1023|
14|13|11|41||1024|
14|13|11|41||1025|
14|13|11|41||1026|
14|13|11|41||1027|
14|13|11|41||1028|
14|13|11|41||1029|
14|13|11|41||1030|
14|13|11|41||1031|
14|13|11|41||1032|
14|13|11|41||1033|
14|13|11|41||1034|
14|13|11|41||1035|
14|13|11|41||1036|
14|13|11|41||1037|
14|13|11|41||1038|
14|13|11|41||1039|
14|13|11|41||1040|
14|13|11|41||1041|
14|13|11|41||1042|
14|13|11|41||1043|
14|13|11|41||1044|
14|13|11|41||1045|
14|13|11|41||1046|
14|13|11|41||1047|
14|13|11|41||1048|
14|13|11|41||1049|
14|13|10|41||1439|
14|13|10|41||1440|
14|13|10|41||1441|
14|13|10|41||1442|
14|13|10|41||1443|
14|13|10|41||1444|
14|13|10|41||1445|
14|13|10|41||1446|
14|13|10|41||1447|
14|13|10|41||1448|
14|13|10|41||1449|
14|13|10|41||1450|
14|13|10|41||1451|
14|13|10|41||1452|
14|13|10|41||1453|
14|13|10|41||1454|
14|13|10|41||1455|
14|13|10|41||1456|
14|13|10|41||1457|
14|13|10|41||1458|
14|13|10|41||1460|
14|13|10|41||1461|
14|13|10|41||1462|
14|13|10|41||1465|
14|13|10|41||1466|
14|13|10|41||1467|
14|13|10|41||1468|
14|13|10|41||1469|
14|13|10|41||1470|
14|13|10|41||1471|
14|13|10|41||1472|
14|13|10|41||1473|
14|13|10|41||1474|
14|13|10|41||1475|
14|13|10|41||1476|
14|13|10|41||1477|
14|13|10|41||1478|
14|13|10|41||1479|
14|13|10|41||1480|
14|13|10|41||1481|
14|13|10|41||1482|
14|13|10|41||1483|
14|13|10|41||1484|
14|13|10|41||1485|
14|13|10|41||1486|
14|13|10|41||1487|
14|13|10|41||1488|
14|13|10|41||1489|
14|13|10|41||1490|
14|13|10|41||1491|
14|13|10|41||1492|
14|13|10|41||1493|
14|13|10|41||1494|
14|13|10|41||1495|
14|13|10|41||1496|
14|13|10|41||1497|
14|13|10|41||1498|
14|13|10|41||1499|
14|13|10|41||1500|
14|13|10|41||1501|
14|13|10|41||1502|
14|13|10|41||1503|
14|13|10|41||1504|
14|13|10|41||1505|
14|13|10|41||1506|
14|13|10|41||1507|
14|13|10|41||1508|
14|13|10|41||1509|
14|13|10|41||1510|
14|13|10|41||1511|
14|13|10|41||1512|
14|13|10|41||1513|
14|13|10|41||1514|
14|13|10|41||1515|
14|13|10|41||1516|
14|13|10|41||1517|
14|13|10|41||1518|
14|13|10|41||1519|
14|13|10|41||1520|
14|13|10|41||1521|
14|13|10|41||1522|
14|13|10|41||1523|
14|13|10|41||1524|
14|13|10|41||1525|
14|14|12|41||791|
14|14|12|41||792|
14|14|12|41||793|
14|14|12|41||794|
14|14|12|41||822|
14|14|12|41||823|
14|14|12|41||824|
14|14|12|41||825|
14|14|12|41||826|
14|14|12|41||827|
14|14|12|41||828|
14|14|12|41||829|
14|14|12|41||839|
14|14|12|41||840|
14|14|12|41||841|
14|14|12|41||842|
14|14|12|41||843|
14|14|12|41||844|
14|14|12|41||845|
14|14|12|41||846|
14|14|12|41||847|
14|14|12|41||848|
14|14|12|41||849|
14|14|12|41||850|
14|14|12|41||851|
14|14|12|41||852|
14|14|12|41||853|
14|14|12|41||854|
14|14|12|41||855|
14|14|12|41||856|
14|14|12|41||857|
14|14|12|41||858|
14|14|12|41||859|
14|14|12|41||860|
14|14|12|41||861|
14|14|12|41||862|
14|14|12|41||863|
14|14|12|41||864|
14|14|12|41||865|
14|14|12|41||866|
14|14|12|41||867|
14|14|12|41||868|
14|14|12|41||869|
14|14|12|41||870|
14|14|12|41||871|
14|14|12|41||872|
14|14|12|41||873|
14|14|12|41||874|
14|14|12|41||875|
14|14|12|41||876|
14|14|12|41||877|
14|14|12|41||878|
14|14|12|41||879|
14|14|12|41||880|
14|14|12|41||881|
14|14|12|41||882|
14|14|12|41||883|
14|14|12|41||884|
14|14|12|41||885|
14|14|12|41||895|
14|14|12|41||896|
14|14|12|41||897|
14|14|12|41||898|
14|14|12|41||899|
14|14|12|41||900|
14|14|12|41||901|
14|14|12|41||902|
14|14|12|41||903|
14|14|12|41||904|
14|14|12|41||905|
14|14|12|41||906|
14|14|12|41||907|
14|14|12|41||908|
14|14|12|41||909|
14|14|12|41||917|
14|14|12|41||918|
14|14|12|41||919|
14|14|12|41||920|
14|14|12|41||921|
14|14|12|41||922|
14|14|12|41||923|
14|14|12|41||924|
14|14|12|41||925|
14|14|12|41||926|
14|14|12|41||927|
14|14|12|41||928|
14|14|10|41||967|
14|14|10|41||968|
14|14|10|41||969|
14|14|10|41||970|
14|14|10|41||971|
14|14|10|41||972|
14|14|10|41||973|
14|14|10|41||974|
14|14|10|41||977|
14|14|10|41||978|
14|14|10|41||979|
14|14|10|41||980|
14|14|10|41||981|
14|14|10|41||982|
14|14|10|41||983|
14|14|10|41||984|
14|14|10|41||985|
14|14|10|41||986|
14|14|10|41||987|
14|14|10|41||988|
14|14|10|41||989|
14|14|10|41||990|
14|14|10|41||991|
14|14|10|41||992|
14|14|10|41||993|
14|14|10|41||994|
14|14|10|41||995|
14|14|10|41||996|
14|14|10|41||997|
14|14|10|41||998|
14|14|10|41||999|
14|14|10|41||1000|
14|14|10|41||1001|
14|14|10|41||1002|
14|14|10|41||1003|
14|14|10|41||1004|
14|14|10|41||1005|
14|14|10|41||1006|
14|14|10|41||1007|
14|14|10|41||1008|
14|14|10|41||1526|
14|14|10|41||1527|
14|14|10|41||1528|
14|14|10|41||1529|
14|14|10|41||1530|
14|14|10|41||1531|
14|14|10|41||1532|
14|14|10|41||1533|
14|14|10|41||1534|
14|14|10|41||1535|
14|14|10|41||1536|
14|14|10|41||1537|
14|14|10|41||1538|
14|14|10|41||1539|
14|14|10|41||1540|
14|14|10|41||1541|
14|14|10|41||1542|
14|14|10|41||1543|
14|14|10|41||1544|
14|14|10|41||1545|
14|14|10|41||1546|
14|14|10|41||1547|
14|14|10|41||1548|
14|14|15|99||3312|
14|14|15|99||3313|
14|14|15|99||3314|
14|15|8|13||161|
14|15|8|13||162|
14|15|8|13||163|
14|15|8|13||164|
14|15|8|13||165|
14|15|8|13||166|
14|15|8|13||167|
14|15|8|13||168|
14|15|8|13||169|
14|15|8|13||170|
14|15|8|13||171|
14|15|8|13||172|
14|15|8|13||173|
14|15|8|13||174|
14|15|8|13||175|
14|15|8|13||176|
14|15|8|13||177|
14|15|8|13||178|
14|15|8|13||179|
14|15|8|13||180|
14|15|8|13||181|
14|15|8|13||182|
14|15|8|13||183|
14|15|8|13||184|
14|15|8|13||185|
14|15|8|13||186|
14|15|8|13||187|
14|15|8|16||224|
14|15|8|16||225|
14|15|8|16||226|
14|15|8|16||227|
14|15|8|16||228|
14|15|8|16||229|
14|15|8|16||230|
14|15|8|16||231|
14|15|8|16||232|
14|15|8|16||233|
14|15|8|16||234|
14|15|8|16||235|
14|15|8|16||236|
14|15|8|16||237|
14|15|8|16||238|
14|15|8|16||239|
14|15|8|16||240|
14|15|8|16||241|
14|15|8|16||242|
14|15|8|16||243|
14|15|8|18||256|
14|15|8|18||257|
14|15|8|18||258|
14|15|8|18||259|
14|15|8|18||260|
14|15|8|18||261|
14|15|8|18||262|
14|15|8|18||263|
14|15|8|18||264|
14|15|8|18||265|
14|15|8|18||266|
14|15|8|18||267|
14|15|8|18||268|
14|15|8|18||269|
14|15|8|18||270|
14|15|8|18||271|
14|15|8|18||272|
14|15|8|18||273|
14|15|8|18||274|
14|15|8|18||275|
14|15|8|18||276|
14|15|8|18||277|
14|15|8|18||278|
14|15|8|18||279|
14|15|8|18||280|
14|15|8|18||281|
14|15|8|18||282|
14|15|8|18||283|
14|15|8|18||284|
14|15|8|18||285|
14|15|8|18||286|
14|15|8|18||287|
14|15|8|18||288|
14|15|8|18||289|
14|15|8|18||290|
14|15|8|18||291|
14|15|8|34||483|
14|15|8|34||484|
14|15|8|34||485|
14|15|8|34||486|
14|15|8|34||487|
14|15|8|34||488|
14|15|8|34||489|
14|15|8|34||490|
14|15|8|34||491|
14|15|8|34||492|
14|15|8|34||493|
14|15|8|34||494|
14|15|8|34||495|
14|15|8|34||496|
14|15|8|34||497|
14|15|8|34||498|
14|15|8|49||1635|
14|15|8|49||1636|
14|15|8|49||1637|
14|15|8|49||1638|
14|15|8|49||1639|
14|15|8|49||1640|
14|15|8|49||1641|
14|15|8|49||1642|
14|15|8|49||1643|
14|15|8|49||1644|
14|15|8|49||1645|
14|15|8|49||1646|
14|15|8|65||1844|
14|15|8|65||1845|
14|15|8|65||1846|
14|15|8|65||1847|
14|15|8|65||1848|
14|15|8|65||1849|
14|15|8|65||1850|
14|15|8|65||1851|
14|15|8|65||1852|
14|15|8|65||1853|
14|15|8|65||1854|
14|15|8|65||1855|
14|15|8|65||1856|
14|15|8|65||1857|
14|15|8|65||1858|
14|15|8|65||1859|
14|15|8|65||1860|
14|15|8|65||1861|
14|15|8|65||1862|
14|15|8|65||1863|
14|15|8|65||1864|
14|15|8|65||1865|
14|15|8|65||1866|
14|15|8|65||1867|
14|15|8|65||1868|
14|15|8|65||1869|
14|15|8|65||1870|
14|15|8|65||1871|
14|15|8|65||1872|
14|15|8|65||1873|
14|15|8|65||1874|
14|15|8|65||1875|
14|15|8|65||1876|
14|15|8|65||1877|
14|15|8|65||1878|
14|15|8|65||1879|
14|15|8|65||1880|
14|15|8|65||1881|
14|15|8|65||1882|
14|15|8|65||1883|
14|15|8|65||1884|
14|15|8|65||1885|
14|15|7|68||1914|
14|15|7|68||1915|
14|15|7|68||1916|
14|15|7|68||1917|
14|15|7|68||1918|
14|15|7|68||1919|
14|15|7|68||1920|
14|15|7|68||1921|
14|15|7|68||1922|
14|15|7|68||1923|
14|15|7|68||1924|
14|15|7|68||1925|
14|15|7|68||1926|
14|15|7|68||1927|
14|15|7|68||1928|
14|15|7|68||1929|
14|15|7|68||1930|
14|15|7|68||1931|
14|15|7|68||1932|
14|15|7|68||1933|
14|15|8|106||2748|
14|15|8|106||2749|
14|15|8|106||2750|
14|15|8|106||2751|
14|15|8|106||2752|
14|15|8|106||2753|
14|15|8|106||2754|
14|15|8|106||2755|
14|15|8|106||2756|
14|15|8|106||2757|
14|15|8|106||2758|
14|15|8|106||2759|
14|15|8|106||2760|
14|15|8|106||2761|
14|15|8|123||3265|
14|15|8|123||3266|
14|15|8|123||3267|
14|15|8|123||3268|
14|15|8|123||3269|
14|15|8|123||3270|
14|15|8|123||3271|
14|15|8|123||3272|
14|15|8|123||3273|
14|15|8|123||3274|
14|15|8|123||3275|
14|15|8|123||3276|
14|15|8|123||3277|
14|16|12|41||2599|
14|16|12|41||2600|
14|16|12|41||3315|
14|16|15|99||2473|
14|16|15|99||2474|
14|16|15|99||2475|
14|16|15|99||2476|
14|16|15|99||2477|
14|16|15|99||2478|
14|16|15|99||2479|
14|16|15|99||2480|
14|16|15|99||2481|
14|16|15|99||2482|
14|16|15|99||2483|
14|16|15|99||2484|
14|16|15|99||2485|
14|16|15|99||2486|
14|16|15|99||2487|
14|16|15|99||2488|
14|16|15|99||2489|
14|16|15|99||2490|
14|16|15|99||2491|
14|16|15|99||2492|
14|16|15|99||2493|
14|16|15|99||2494|
14|16|15|99||2495|
14|16|15|99||2496|
14|16|15|99||2497|
14|16|15|99||2498|
14|16|15|99||2499|
14|16|15|99||2500|
14|16|15|99||2501|
14|16|15|99||2502|
14|16|15|99||2503|
14|16|15|99||2504|
14|16|15|99||2505|
14|16|15|99||2506|
14|16|15|99||2507|
14|16|15|99||2508|
14|16|15|99||2509|
14|16|15|99||2510|
14|16|15|99||2511|
14|16|15|99||2512|
14|16|15|99||2513|
14|16|15|99||2514|
14|16|15|99||2515|
14|16|15|99||2516|
14|16|15|99||2517|
14|16|15|99||2518|
14|16|15|99||2519|
14|16|15|99||2520|
14|16|15|99||2521|
14|16|15|99||2522|
14|16|15|99||2523|
14|16|15|99||2524|
14|16|15|99||2525|
14|16|14|99||2526|
14|16|15|99||2527|
14|16|14|99||2528|
14|16|14|99||2529|
14|16|14|99||2530|
14|16|14|99||2531|
14|16|15|99||2532|
14|16|14|99||2533|
14|16|14|99||2534|
14|16|14|99||2535|
14|16|14|99||2536|
14|16|14|99||2537|
14|16|14|99||2538|
14|16|14|99||2539|
14|16|14|99||2540|
14|16|14|99||2541|
14|16|14|99||2542|
14|16|14|99||2543|
14|16|14|99||2544|
14|16|14|99||2545|
14|16|14|99||2546|
14|16|14|99||2547|
14|16|14|99||2548|
14|16|15|99||2549|
14|16|15|99||2550|
14|16|15|99||2551|
14|16|15|99||2552|
14|16|15|99||2553|
14|16|15|99||2554|
14|16|14|99||2555|
14|16|14|99||2556|
14|16|14|99||2557|
14|16|14|99||2558|
14|16|14|99||2559|
14|16|14|99||2560|
14|16|14|99||2561|
14|16|14|99||2562|
14|16|14|99||2563|
14|16|14|99||2564|
14|16|14|99||2565|
14|16|14|99||2566|
14|16|14|99||2567|
14|16|15|99||2568|
14|16|15|99||2569|
14|16|15|99||2570|
14|16|15|99||2571|
14|16|15|99||2572|
14|16|15|99||2573|
14|16|15|99||2574|
14|16|15|99||2575|
14|16|15|99||2576|
14|16|15|99||2577|
14|16|15|99||2578|
14|16|15|99||2579|
14|16|15|99||2580|
14|16|15|99||2581|
14|16|15|99||2582|
14|16|15|99||2583|
14|16|15|99||2584|
14|16|15|99||2585|
14|16|15|99||2586|
14|16|14|99||2587|
14|16|15|99||2588|
14|16|15|99||2589|
14|16|15|99||2590|
14|16|15|99||2591|
14|16|15|99||2592|
14|16|15|99||2593|
14|16|15|99||2594|
14|16|15|99||2595|
14|16|15|99||2596|
14|16|15|99||2597|
14|16|15|99||2598|
14|16|15|99||2601|
14|16|15|99||2602|
14|16|15|99||2603|
14|16|15|99||2604|
14|16|15|99||2605|
14|16|15|99||2606|
14|16|15|99||2607|
14|16|15|99||2608|
14|16|15|99||2609|
14|16|15|99||2610|
14|16|15|99||2611|
14|16|15|99||2612|
14|16|15|99||2613|
14|16|15|99||2614|
14|16|15|99||2615|
14|16|15|99||2616|
14|16|15|99||2617|
14|16|15|99||2618|
14|16|15|99||2619|
14|16|14|99||2620|
14|16|14|99||2621|
14|16|14|99||2622|
14|16|14|99||2623|
14|16|14|99||2624|
14|16|19|102||3311|
14|17|7|2||13|
14|17|7|2||14|
14|17|7|2||15|
14|17|7|2||16|
14|17|7|2||17|
14|17|7|2||18|
14|17|7|2||19|
14|17|7|2||20|
14|17|7|2||21|
14|17|7|2||22|
14|17|7|2||23|
14|17|4|4||36|
14|17|4|4||37|
14|17|4|4||38|
14|17|4|4||39|
14|17|5|10||144|
14|17|5|10||145|
14|17|5|10||146|
14|17|5|10||147|
14|17|5|10||148|
14|17|7|14||188|
14|17|7|14||189|
14|17|7|14||190|
14|17|7|14||191|
14|17|7|14||192|
14|17|7|14||193|
14|17|7|31||457|
14|17|7|31||458|
14|17|7|31||459|
14|17|7|31||460|
14|17|7|31||461|
14|17|7|31||462|
14|17|7|31||463|
14|17|7|31||464|
14|17|7|31||465|
14|17|7|31||466|
14|17|7|31||467|
14|17|7|31||468|
14|17|7|31||469|
14|17|7|31||470|
14|17|7|31||471|
14|17|7|31||472|
14|17|7|31||473|
14|17|7|31||474|
14|17|7|31||475|
14|17|7|46||1591|
14|17|7|46||1592|
14|17|7|46||1593|
14|17|7|46||1594|
14|17|7|46||1595|
14|17|7|46||1596|
14|17|7|46||1597|
14|17|7|46||1598|
14|17|7|46||1599|
14|17|7|46||1600|
14|17|7|46||1601|
14|17|7|52||1671|
14|17|7|52||1672|
14|17|7|52||1673|
14|17|7|52||1674|
14|17|7|52||1675|
14|17|7|52||1676|
14|17|7|52||1677|
14|17|7|52||1678|
14|17|7|52||1679|
14|17|7|52||1680|
14|17|7|52||1681|
14|17|7|52||1682|
14|17|7|52||1683|
14|17|7|52||1684|
14|17|7|52||1685|
14|17|7|52||1686|
14|17|7|52||1687|
14|17|7|52||1688|
14|17|4|83||2162|
14|17|4|83||2163|
14|17|4|83||2164|
14|17|4|83||2165|
14|17|4|83||2166|
14|17|4|83||2167|
14|17|4|83||2168|
14|17|4|83||2169|
14|17|4|83||2170|
14|17|4|83||2171|
14|17|4|83||2172|
14|17|4|83||2173|
14|17|4|83||2174|
14|17|4|83||2175|
14|17|4|83||2176|
14|17|4|83||2177|
14|17|4|83||2178|
14|17|4|83||2179|
14|17|4|83||2180|
14|17|4|87||2260|
14|17|4|87||2261|
14|17|4|87||2262|
14|17|4|87||2263|
14|17|4|87||2264|
14|17|4|87||2265|
14|17|4|87||2266|
14|17|4|87||2267|
14|17|4|87||2268|
14|17|7|90||2298|
14|17|7|90||2299|
14|17|7|90||2300|
14|17|7|93||2330|
14|17|7|93||2331|
14|17|7|93||2332|
14|17|7|93||2333|
14|17|7|93||2334|
14|17|7|93||2335|
14|17|7|93||2336|
14|17|7|93||2337|
14|17|7|93||2338|
14|17|7|93||2339|
14|17|7|97||2424|
14|17|7|97||2425|
14|17|7|97||2426|
14|17|7|97||2427|
14|17|7|97||2428|
14|17|7|97||2429|
14|17|7|97||2430|
14|17|7|97||2431|
14|17|7|97||2432|
14|17|7|97||2433|
14|17|7|97||2434|
14|17|7|97||2435|
14|17|7|97||2436|
14|17|7|97||2437|
14|17|14|98||2438|
14|17|14|98||2439|
14|17|14|98||2440|
14|17|14|98||2441|
14|17|14|98||2442|
14|17|14|98||2443|
14|17|14|98||2444|
14|17|14|98||2445|
14|17|14|98||2446|
14|17|14|98||2447|
14|17|14|98||2448|
14|17|14|98||2449|
14|17|14|98||2450|
14|17|14|98||2451|
14|17|14|98||2452|
14|17|14|98||2453|
14|17|14|98||2454|
14|17|14|98||2455|
14|17|14|98||2456|
14|17|14|98||2457|
14|17|14|98||2458|
14|17|14|98||2459|
14|17|14|98||2460|
14|17|14|98||2461|
14|17|14|98||2462|
14|17|14|98||2463|
14|17|14|98||2464|
14|17|14|98||2465|
14|17|14|98||2466|
14|17|14|98||2467|
14|17|14|98||2468|
14|17|14|98||2469|
14|17|14|98||2470|
14|17|14|98||2471|
14|17|14|98||2472|
14|17|7|108||2767|
14|17|7|108||2768|
14|17|7|108||2769|
14|17|7|108||2770|
14|17|5|114||2829|
14|17|5|114||2830|
14|17|5|114||2831|
14|17|5|114||2832|
14|17|5|114||2833|
14|17|5|114||2834|
14|17|5|114||2835|
14|17|5|114||2836|
14|17|5|114||2837|
14|17|5|114||2838|
14|17|7|119||2884|
14|17|7|119||2885|
14|17|7|119||2886|
14|17|7|119||2887|
14|17|7|119||2888|
14|17|7|119||2889|
14|17|7|119||2890|
14|17|7|119||2891|
14|17|7|119||2892|
14|17|7|119||2893|
14|17|7|119||2894|
14|17|7|119||2895|
14|17|7|119||2896|
14|17|7|119||2897|
14|17|7|119||2898|
14|17|7|119||2899|
14|18|3|11||149|
14|18|3|11||150|
14|18|3|11||151|
14|18|3|11||152|
14|18|3|11||153|
14|18|3|11||154|
14|18|5|15||194|
14|18|5|15||195|
14|18|5|15||196|
14|18|5|15||197|
14|18|5|15||198|
14|18|5|15||199|
14|18|5|15||200|
14|18|5|15||201|
14|18|5|15||202|
14|18|5|15||203|
14|18|5|15||204|
14|18|5|15||205|
14|18|5|15||206|
14|18|5|15||207|
14|18|5|15||208|
14|18|5|15||209|
14|18|5|15||210|
14|18|5|15||211|
14|18|5|15||212|
14|18|5|15||213|
14|18|5|15||214|
14|18|5|15||215|
14|18|5|15||216|
14|18|5|15||217|
14|18|5|15||218|
14|18|5|15||219|
14|18|5|15||220|
14|18|5|15||221|
14|18|5|15||222|
14|18|5|15||223|
14|18|3|17||244|
14|18|3|17||245|
14|18|3|17||246|
14|18|3|17||247|
14|18|3|17||248|
14|18|3|17||249|
14|18|3|17||250|
14|18|3|17||251|
14|18|3|17||252|
14|18|3|17||253|
14|18|3|17||254|
14|18|3|17||255|
14|18|5|21||302|
14|18|5|21||303|
14|18|5|21||304|
14|18|5|21||305|
14|18|5|21||306|
14|18|5|21||307|
14|18|5|21||308|
14|18|5|21||309|
14|18|5|21||310|
14|18|5|21||311|
14|18|5|21||312|
14|18|5|21||313|
14|18|5|21||314|
14|18|5|21||315|
14|18|5|22||316|
14|18|5|22||317|
14|18|5|22||318|
14|18|5|22||319|
14|18|5|22||320|
14|18|5|22||321|
14|18|5|22||322|
14|18|5|22||323|
14|18|5|22||324|
14|18|5|22||325|
14|18|5|22||326|
14|18|5|22||327|
14|18|5|22||328|
14|18|5|22||329|
14|18|5|22||330|
14|18|5|22||331|
14|18|5|22||332|
14|18|5|25||394|
14|18|5|25||395|
14|18|5|25||396|
14|18|5|25||397|
14|18|5|25||398|
14|18|5|25||399|
14|18|5|25||400|
14|18|5|25||401|
14|18|5|25||402|
14|18|5|25||403|
14|18|5|25||404|
14|18|5|25||405|
14|18|5|25||406|
14|18|5|25||407|
14|18|5|25||408|
14|18|5|25||409|
14|18|5|25||410|
14|18|5|28||432|
14|18|5|28||433|
14|18|5|28||434|
14|18|5|28||435|
14|18|5|28||436|
14|18|5|28||437|
14|18|5|28||438|
14|18|5|28||439|
14|18|5|28||440|
14|18|3|29||441|
14|18|3|29||442|
14|18|3|29||443|
14|18|3|29||444|
14|18|5|33||479|
14|18|5|33||480|
14|18|5|33||481|
14|18|5|33||482|
14|18|5|35||499|
14|18|5|35||500|
14|18|5|39||549|
14|18|5|39||550|
14|18|5|39||551|
14|18|5|39||552|
14|18|5|39||553|
14|18|5|39||554|
14|18|5|39||555|
14|18|5|39||556|
14|18|5|39||557|
14|18|5|39||558|
14|18|5|39||559|
14|18|5|39||560|
14|18|3|45||1573|
14|18|3|45||1574|
14|18|3|45||1575|
14|18|3|45||1576|
14|18|3|45||1577|
14|18|3|45||1578|
14|18|3|45||1579|
14|18|3|45||1580|
14|18|3|45||1581|
14|18|3|45||1582|
14|18|3|45||1583|
14|18|3|45||1584|
14|18|3|45||1585|
14|18|3|45||1586|
14|18|3|45||1587|
14|18|3|45||1588|
14|18|3|45||1589|
14|18|3|45||1590|
14|18|5|54||1696|
14|18|5|54||1697|
14|18|5|54||1698|
14|18|5|54||1699|
14|18|5|54||1700|
14|18|5|54||1701|
14|18|5|56||1776|
14|18|5|56||1777|
14|18|5|56||1778|
14|18|5|56||1779|
14|18|5|56||1780|
14|18|5|56||1781|
14|18|3|70||2003|
14|18|3|70||2004|
14|18|3|70||2005|
14|18|3|70||2006|
14|18|3|70||2007|
14|18|3|70||2008|
14|18|3|70||2009|
14|18|3|70||2010|
14|18|3|70||2011|
14|18|5|79||2115|
14|18|5|79||2116|
14|18|5|79||2117|
14|18|5|79||2118|
14|18|5|79||2119|
14|18|5|79||2120|
14|18|5|79||2121|
14|18|5|79||2122|
14|18|5|79||2123|
14|18|5|79||2124|
14|18|5|79||2125|
14|18|5|79||2126|
14|18|5|79||2127|
14|18|5|79||2128|
14|18|5|79||2129|
14|18|5|79||2130|
14|18|5|79||2131|
14|18|5|89||2285|
14|18|5|89||2286|
14|18|5|89||2287|
14|18|5|89||2288|
14|18|5|89||2289|
14|18|5|89||2290|
14|18|5|89||2291|
14|18|5|89||2292|
14|18|5|89||2293|
14|18|5|89||2294|
14|18|5|89||2295|
14|18|5|89||2296|
14|18|5|89||2297|
14|18|5|91||2301|
14|18|5|91||2302|
14|18|5|91||2303|
14|18|5|91||2304|
14|18|5|91||2305|
14|18|5|91||2306|
14|18|5|103||2730|
14|18|5|103||2731|
14|18|5|103||2732|
14|18|5|103||2733|
14|18|5|103||2734|
14|18|5|107||2762|
14|18|5|107||2763|
14|18|5|107||2764|
14|18|5|107||2765|
14|18|5|107||2766|
14|18|5|111||2804|
14|18|5|111||2805|
14|18|5|111||2806|
14|18|5|111||2807|
14|18|5|111||2808|
14|18|5|111||2809|
14|18|5|111||2810|
14|18|5|111||2811|
14|18|5|111||2812|
14|18|5|111||2813|
14|18|5|111||2814|
14|18|5|111||2815|
14|19|4|23||333|
14|19|4|23||334|
14|19|4|23||335|
14|19|4|23||336|
14|19|4|23||337|
14|19|4|23||338|
14|19|4|23||339|
14|19|4|23||340|
14|19|4|23||341|
14|19|4|23||342|
14|19|4|23||343|
14|19|4|23||344|
14|19|4|23||345|
14|19|4|23||346|
14|19|4|23||347|
14|19|4|23||348|
14|19|4|23||349|
14|19|4|23||350|
14|19|4|23||351|
14|19|4|23||352|
14|19|4|23||353|
14|19|4|23||354|
14|19|4|23||355|
14|19|4|23||356|
14|19|4|23||357|
14|19|4|23||358|
14|19|4|23||359|
14|19|4|23||360|
14|19|4|23||361|
14|19|4|23||362|
14|19|4|23||363|
14|19|4|23||364|
14|19|4|23||365|
14|19|4|23||366|
14|19|4|23||367|
14|19|4|23||368|
14|19|4|23||369|
14|19|4|23||370|
14|19|4|23||371|
14|19|4|23||372|
14|19|4|23||373|
14|19|4|23||374|
14|19|4|23||375|
14|19|4|23||376|
14|19|4|23||377|
14|19|4|23||378|
14|19|4|23||379|
14|19|4|23||380|
14|19|4|23||381|
14|19|4|23||382|
14|19|4|23||383|
14|19|4|24||384|
14|19|4|24||385|
14|19|4|24||386|
14|19|4|24||387|
14|19|4|24||388|
14|19|4|24||389|
14|19|4|24||390|
14|19|4|24||391|
14|19|4|24||392|
14|19|4|24||393|
14|19|7|27||427|
14|19|7|27||428|
14|19|7|27||429|
14|19|7|27||430|
14|19|7|27||431|
14|19|4|38||541|
14|19|4|38||542|
14|19|4|38||543|
14|19|4|38||544|
14|19|4|38||545|
14|19|4|38||546|
14|19|4|38||547|
14|19|4|38||548|
14|19|4|51||1661|
14|19|4|51||1662|
14|19|4|51||1663|
14|19|4|51||1664|
14|19|4|51||1665|
14|19|4|51||1666|
14|19|4|51||1667|
14|19|4|51||1668|
14|19|4|51||1669|
14|19|4|51||1670|
14|19|4|58||1792|
14|19|4|58||1793|
14|19|4|58||1794|
14|19|4|58||1795|
14|19|4|58||1796|
14|19|7|59||1797|
14|19|7|59||1798|
14|19|7|59||1799|
14|19|7|59||1800|
14|19|7|59||1801|
14|19|7|61||1815|
14|19|7|61||1816|
14|19|7|61||1817|
14|19|7|61||1818|
14|19|7|61||1819|
14|19|7|61||1820|
14|19|7|61||1821|
14|19|7|61||1822|
14|19|7|61||1823|
14|19|4|67||1901|
14|19|4|67||1902|
14|19|4|67||1903|
14|19|4|67||1904|
14|19|4|67||1905|
14|19|4|67||1906|
14|19|4|67||1907|
14|19|4|67||1908|
14|19|4|67||1909|
14|19|4|67||1910|
14|19|4|67||1911|
14|19|4|67||1912|
14|19|4|67||1913|
14|19|7|71||2012|
14|19|7|71||2013|
14|19|7|71||2014|
14|19|7|71||2015|
14|19|7|71||2016|
14|19|7|71||2017|
14|19|7|71||2018|
14|19|7|71||2019|
14|19|7|71||2020|
14|19|7|71||2021|
14|19|7|71||2022|
14|19|7|71||2023|
14|19|4|86||2223|
14|19|4|86||2224|
14|19|4|86||2225|
14|19|4|86||2226|
14|19|4|86||2227|
14|19|4|86||2228|
14|19|4|86||2229|
14|19|4|86||2230|
14|19|4|86||2231|
14|19|4|86||2232|
14|19|4|86||2233|
14|19|4|86||2234|
14|19|4|86||2235|
14|19|4|86||2236|
14|19|4|86||2237|
14|19|4|86||2238|
14|19|4|86||2239|
14|19|4|86||2240|
14|19|4|86||2241|
14|19|4|86||2242|
14|19|4|86||2243|
14|19|4|86||2244|
14|19|4|86||2245|
14|19|4|86||2246|
14|19|4|86||2247|
14|19|4|86||2248|
14|19|4|86||2249|
14|19|4|86||2250|
14|19|4|86||2251|
14|19|4|86||2252|
14|19|4|86||2253|
14|19|4|86||2254|
14|19|4|86||2255|
14|19|4|86||2256|
14|19|4|86||2257|
14|19|4|86||2258|
14|19|4|86||2259|
14|19|4|88||2269|
14|19|4|88||2270|
14|19|4|88||2271|
14|19|4|88||2272|
14|19|4|88||2273|
14|19|4|88||2274|
14|19|4|88||2275|
14|19|4|88||2276|
14|19|4|88||2277|
14|19|4|88||2278|
14|19|4|88||2279|
14|19|4|88||2280|
14|19|4|88||2281|
14|19|4|88||2282|
14|19|4|88||2283|
14|19|4|88||2284|
14|19|4|100||2625|
14|19|4|100||2626|
14|19|4|100||2627|
14|19|4|100||2628|
14|19|4|100||2629|
14|19|4|100||2630|
14|19|4|100||2631|
14|19|4|100||2632|
14|19|4|104||2735|
14|19|4|104||2736|
14|19|4|104||2737|
14|19|4|104||2738|
14|19|4|104||2739|
14|19|4|104||2740|
14|19|4|104||2741|
14|19|4|109||2771|
14|19|4|109||2772|
14|19|4|109||2773|
14|19|4|109||2774|
14|19|4|109||2775|
14|19|4|109||2776|
14|19|4|109||2777|
14|19|4|109||2778|
14|19|4|109||2779|
14|19|4|109||2780|
14|19|4|109||2781|
14|19|4|109||2782|
14|19|4|109||2783|
14|19|4|109||2784|
14|19|4|109||2785|
14|19|4|109||2786|
14|19|4|109||2787|
14|19|4|109||2788|
14|19|4|109||2789|
14|19|4|109||2790|
14|19|4|109||2791|
14|19|4|109||2792|
14|19|4|109||2793|
14|19|7|113||2824|
14|19|7|113||2825|
14|19|7|113||2826|
14|19|7|113||2827|
14|19|7|113||2828|
14|19|4|121||3238|
14|19|4|121||3239|
14|19|4|121||3240|
14|19|4|121||3241|
14|19|4|121||3242|
14|19|4|121||3243|
14|19|4|121||3244|
14|19|4|121||3245|
14|19|4|121||3246|
14|19|4|121||3247|
14|19|4|121||3248|
14|19|4|121||3249|
14|19|4|121||3250|
14|19|4|121||3251|
14|19|4|121||3252|
14|19|4|121||3253|
14|19|4|121||3254|
14|19|4|121||3255|
14|19|4|121||3256|
14|19|4|121||3257|
14|19|4|121||3258|
14|19|4|122||3259|
14|19|4|122||3260|
14|19|4|122||3261|
14|19|4|122||3262|
14|19|4|122||3263|
14|19|4|122||3264|
