EDO;DTO;MPO;NOMBRE;FCTMPAL;POB00
 25 ; 1 ; 4 ;CONCORDIA;0.08772; 27815 
 25 ; 1 ; 5 ;COSALA;0.05347; 16955 
 25 ; 1 ; 8 ;ELOTA;0.15603; 49477 
 25 ; 1 ; 9 ;ESCUINAPA;0.15906; 50438 
 25 ; 1 ; 12 ;MAZATLAN;0.25318; 80285 
 25 ; 1 ; 14 ;ROSARIO;0.15116; 47934 
 25 ; 1 ; 16 ;SAN IGNACIO;0.08439; 26762 
;;;;;;;;;;;;;;
;;;;;;;;;;;;;;
 25 ; 2 ; 12 ;MAZATLAN;0.94676; 300224 
;;;;;;;;;;;;;;
;;;;;;;;;;;;;;
 25 ; 3 ; 3 ;BADIRAGUATO;0.11907; 37757 
 25 ; 3 ; 7 ;CHOIX;0.09257; 29355 
 25 ; 3 ; 10 ;FUERTE, EL;0.28229; 89515 
 25 ; 3 ; 13 ;MOCORITO;0.15805; 50119 
 25 ; 3 ; 17 ;SINALOA;0.26836; 85100 
;;;;;;;;;;;;;;
;;;;;;;;;;;;;;
 25 ; 4 ; 2 ;ANGOSTURA;0.13821; 43827 
 25 ; 4 ; 6 ;CULIACAN;0.23641; 74967 
 25 ; 4 ; 15 ;SALVADOR ALVARADO;0.23116; 73303 
 25 ; 4 ; 18 ;NAVOLATO;0.45431; 144064 
;;;;;;;;;;;;;;
;;;;;;;;;;;;;;
 25 ; 5 ; 6 ;CULIACAN;1.06084; 336399 
;;;;;;;;;;;;;;
;;;;;;;;;;;;;;
 25 ; 6 ; 6 ;CULIACAN;1.05958; 336000 
;;;;;;;;;;;;;;
;;;;;;;;;;;;;;
 25 ; 7 ; 1 ;AHOME;1.13258; 359146 
;;;;;;;;;;;;;;
;;;;;;;;;;;;;;
 25 ; 8 ; 11 ;GUASAVE;0.87479; 277402 
