Entidad|Distrito|Distrito_nuevo|Municipio|MUNICIPIO_VIRTUAL|Seccion|SECCION_VIRTUAL
19|1|2|5||39|
19|1|2|5||40|
19|1|2|5||41|
19|1|2|5||42|
19|1|2|5||43|
19|1|2|5||44|
19|1|2|5||45|
19|1|2|5||46|
19|1|2|5||47|
19|1|2|5||48|
19|1|2|5||49|
19|1|2|5||50|
19|1|2|5||51|
19|1|2|5||52|
19|1|2|5||53|
19|1|2|5||54|
19|1|2|5||55|
19|1|2|5||56|
19|1|2|5||57|
19|1|2|5||58|
19|1|2|5||59|
19|1|2|5||60|
19|1|2|5||61|
19|1|2|5||62|
19|1|2|8||168|
19|1|2|8||169|
19|1|2|8||170|
19|1|2|8||171|
19|1|2|18||346|
19|1|2|18||347|
19|1|2|18||348|
19|1|2|18||349|
19|1|2|18||350|
19|1|2|18||351|
19|1|2|18||352|
19|1|2|18||353|
19|1|2|18||354|
19|1|2|18||355|
19|1|12|19||356|
19|1|12|19||357|
19|1|12|19||358|
19|1|12|19||359|
19|1|12|19||360|
19|1|12|19||361|
19|1|12|19||362|
19|1|12|19||363|
19|1|12|19||364|
19|1|12|19||365|
19|1|12|19||366|
19|1|12|19||367|
19|1|12|19||368|
19|1|12|19||369|
19|1|12|19||370|
19|1|12|19||371|
19|1|12|19||372|
19|1|12|19||373|
19|1|12|19||374|
19|1|12|19||375|
19|1|12|19||376|
19|1|12|19||377|
19|1|12|19||378|
19|1|12|19||379|
19|1|12|19||380|
19|1|12|19||381|
19|1|12|19||382|
19|1|12|19||383|
19|1|12|19||384|
19|1|12|19||385|
19|1|12|19||386|
19|1|12|19||387|
19|1|12|19||388|
19|1|12|19||389|
19|1|12|19||390|
19|1|12|19||391|
19|1|12|19||392|
19|1|12|19||393|
19|1|12|19||394|
19|1|12|19||395|
19|1|12|19||396|
19|1|12|19||397|
19|1|12|19||398|
19|1|12|19||399|
19|1|12|19||400|
19|1|12|19||401|
19|1|12|19||402|
19|1|12|19||403|
19|1|12|19||404|
19|1|12|19||405|
19|1|12|19||406|
19|1|12|19||407|
19|1|12|19||408|
19|1|12|19||409|
19|1|12|19||410|
19|1|12|19||411|
19|1|12|19||412|
19|1|12|19||413|
19|1|12|19||414|
19|1|12|19||415|
19|1|12|19||416|
19|1|12|19||417|
19|1|2|33||854|
19|1|2|33||855|
19|1|2|33||856|
19|1|2|33||857|
19|1|2|33||858|
19|1|2|33||859|
19|1|2|38||924|
19|1|2|38||925|
19|1|2|38||926|
19|1|2|38||927|
19|1|2|38||928|
19|1|2|38||929|
19|1|2|38||930|
19|1|12|48||1999|
19|1|12|48||2000|
19|1|12|48||2001|
19|1|12|48||2002|
19|1|12|48||2003|
19|1|12|48||2004|
19|1|12|48||2005|
19|1|12|48||2006|
19|1|12|48||2007|
19|1|12|48||2008|
19|1|12|48||2009|
19|1|12|48||2010|
19|1|12|48||2011|
19|1|12|48||2012|
19|1|12|48||2013|
19|1|12|48||2014|
19|1|12|48||2015|
19|1|12|48||2016|
19|1|12|48||2017|
19|1|12|48||2018|
19|1|12|48||2019|
19|1|12|48||2020|
19|1|12|48||2021|
19|1|12|48||2022|
19|1|12|48||2023|
19|1|12|48||2024|
19|1|12|48||2025|
19|1|12|48||2026|
19|1|12|48||2027|
19|1|12|48||2028|
19|1|12|48||2029|
19|1|12|48||2030|
19|1|12|48||2031|
19|1|12|48||2032|
19|1|12|48||2033|
19|1|12|48||2034|
19|1|12|48||2035|
19|1|12|48||2036|
19|1|12|48||2037|
19|1|12|48||2038|
19|1|12|48||2039|
19|1|12|48||2040|
19|1|12|48||2041|
19|1|12|48||2042|
19|1|12|48||2043|
19|1|12|48||2044|
19|1|12|48||2045|
19|1|12|48||2046|
19|1|12|48||2047|
19|1|12|48||2048|
19|1|12|48||2049|
19|1|12|48||2050|
19|1|12|48||2051|
19|1|12|48||2052|
19|1|12|48||2053|
19|1|12|48||2054|
19|1|12|48||2055|
19|1|12|48||2056|
19|1|12|48||2057|
19|1|12|48||2058|
19|1|12|48||2059|
19|1|12|48||2060|
19|1|12|48||2061|
19|1|12|48||2062|
19|1|12|48||2063|
19|1|12|48||2064|
19|1|12|48||2065|
19|1|12|48||2066|
19|1|12|48||2067|
19|1|12|48||2068|
19|1|12|48||2069|
19|1|12|48||2070|
19|1|12|48||2071|
19|1|12|48||2072|
19|1|12|48||2073|
19|1|12|48||2074|
19|1|12|48||2075|
19|1|12|48||2076|
19|1|12|48||2077|
19|1|12|48||2078|
19|1|12|48||2079|
19|1|12|48||2080|
19|1|12|48||2081|
19|1|12|48||2082|
19|1|12|48||2083|
19|1|12|48||2084|
19|1|12|48||2085|
19|2|2|1||1|
19|2|2|1||2|
19|2|2|2||3|
19|2|2|2||4|
19|2|2|2||5|
19|2|2|2||6|
19|2|2|2||7|
19|2|2|2||8|
19|2|2|2||9|
19|2|2|2||10|
19|2|2|2||11|
19|2|2|3||12|
19|2|2|3||13|
19|2|2|3||14|
19|2|2|3||15|
19|2|2|3||16|
19|2|2|3||17|
19|2|2|3||18|
19|2|2|3||19|
19|2|11|6||63|
19|2|11|6||64|
19|2|11|6||65|
19|2|11|6||66|
19|2|11|6||67|
19|2|11|6||68|
19|2|11|6||69|
19|2|11|6||70|
19|2|11|6||71|
19|2|11|6||72|
19|2|11|6||73|
19|2|11|6||74|
19|2|11|6||75|
19|2|11|6||76|
19|2|11|6||77|
19|2|11|6||78|
19|2|11|6||79|
19|2|11|6||80|
19|2|11|6||81|
19|2|11|6||82|
19|2|11|6||83|
19|2|11|6||84|
19|2|11|6||85|
19|2|11|6||86|
19|2|11|6||87|
19|2|11|6||88|
19|2|11|6||89|
19|2|11|6||90|
19|2|11|6||91|
19|2|11|6||92|
19|2|11|6||93|
19|2|11|6||94|
19|2|11|6||95|
19|2|11|6||96|
19|2|11|6||97|
19|2|11|6||98|
19|2|11|6||99|
19|2|11|6||100|
19|2|11|6||101|
19|2|11|6||102|
19|2|11|6||103|
19|2|11|6||104|
19|2|11|6||105|
19|2|11|6||106|
19|2|11|6||107|
19|2|11|6||108|
19|2|11|6||109|
19|2|11|6||110|
19|2|11|6||111|
19|2|11|6||112|
19|2|11|6||113|
19|2|11|6||114|
19|2|11|6||115|
19|2|11|6||116|
19|2|11|6||117|
19|2|11|6||118|
19|2|11|6||119|
19|2|11|6||120|
19|2|11|6||121|
19|2|11|6||122|
19|2|11|6||123|
19|2|11|6||124|
19|2|11|6||125|
19|2|11|6||126|
19|2|11|6||127|
19|2|11|6||128|
19|2|11|6||129|
19|2|11|6||130|
19|2|11|6||131|
19|2|11|6||132|
19|2|11|6||133|
19|2|11|6||134|
19|2|11|6||135|
19|2|11|6||136|
19|2|11|6||137|
19|2|11|6||138|
19|2|11|6||139|
19|2|11|6||140|
19|2|11|6||141|
19|2|11|6||142|
19|2|11|6||143|
19|2|11|6||144|
19|2|11|6||145|
19|2|11|6||146|
19|2|11|6||147|
19|2|11|6||148|
19|2|11|6||149|
19|2|11|6||150|
19|2|2|9||172|
19|2|2|9||173|
19|2|2|9||174|
19|2|2|9||175|
19|2|2|9||176|
19|2|2|9||177|
19|2|2|9||178|
19|2|2|9||179|
19|2|2|9||180|
19|2|2|9||181|
19|2|2|9||182|
19|2|2|9||183|
19|2|2|9||184|
19|2|2|9||185|
19|2|2|9||186|
19|2|2|9||187|
19|2|2|9||188|
19|2|2|9||189|
19|2|2|9||190|
19|2|2|9||191|
19|2|2|9||192|
19|2|2|9||193|
19|2|2|9||194|
19|2|2|9||195|
19|2|2|9||196|
19|2|2|9||197|
19|2|2|9||198|
19|2|2|9||199|
19|2|2|9||200|
19|2|2|9||201|
19|2|2|9||202|
19|2|2|9||203|
19|2|2|9||204|
19|2|2|9||205|
19|2|2|9||206|
19|2|2|9||207|
19|2|2|9||208|
19|2|2|9||209|
19|2|2|9||210|
19|2|2|9||211|
19|2|2|9||212|
19|2|2|9||213|
19|2|2|9||214|
19|2|2|9||215|
19|2|2|9||216|
19|2|2|9||217|
19|2|2|10||218|
19|2|2|10||219|
19|2|2|10||220|
19|2|2|11||221|
19|2|2|11||222|
19|2|2|11||223|
19|2|2|11||224|
19|2|2|11||225|
19|2|2|11||226|
19|2|2|11||227|
19|2|2|11||228|
19|2|2|11||229|
19|2|2|11||230|
19|2|2|11||231|
19|2|2|12||232|
19|2|2|12||233|
19|2|2|12||234|
19|2|2|12||235|
19|2|2|12||236|
19|2|1|13||237|
19|2|1|13||238|
19|2|1|13||239|
19|2|1|13||240|
19|2|1|13||241|
19|2|1|13||242|
19|2|1|13||243|
19|2|1|13||244|
19|2|1|13||245|
19|2|1|13||246|
19|2|1|13||247|
19|2|1|13||248|
19|2|1|13||249|
19|2|1|13||250|
19|2|1|13||251|
19|2|1|13||252|
19|2|1|13||253|
19|2|1|13||254|
19|2|1|13||255|
19|2|1|13||256|
19|2|1|15||294|
19|2|1|15||295|
19|2|1|15||296|
19|2|1|15||297|
19|2|1|15||298|
19|2|1|15||299|
19|2|1|15||300|
19|2|1|15||301|
19|2|1|15||302|
19|2|1|15||303|
19|2|1|15||304|
19|2|2|16||305|
19|2|2|16||306|
19|2|2|16||307|
19|2|2|16||308|
19|2|1|20||418|
19|2|1|20||419|
19|2|1|20||420|
19|2|1|20||421|
19|2|1|20||422|
19|2|1|20||423|
19|2|1|20||424|
19|2|1|20||425|
19|2|1|20||426|
19|2|1|20||427|
19|2|1|20||428|
19|2|1|20||429|
19|2|2|23||515|
19|2|2|23||516|
19|2|2|23||517|
19|2|2|25||523|
19|2|2|25||524|
19|2|2|25||525|
19|2|2|27||805|
19|2|2|27||806|
19|2|2|27||807|
19|2|2|27||808|
19|2|2|27||809|
19|2|2|27||810|
19|2|2|28||811|
19|2|2|28||812|
19|2|2|28||813|
19|2|2|28||814|
19|2|2|28||815|
19|2|2|28||816|
19|2|2|28||817|
19|2|2|28||818|
19|2|2|28||819|
19|2|2|29||820|
19|2|2|29||821|
19|2|2|35||908|
19|2|2|35||909|
19|2|2|35||910|
19|2|2|36||911|
19|2|2|36||912|
19|2|2|41||1700|
19|2|2|41||1701|
19|2|2|41||1702|
19|2|2|42||1703|
19|2|2|42||1704|
19|2|2|42||1705|
19|2|2|42||1706|
19|2|2|42||1707|
19|2|2|42||1708|
19|2|2|42||1709|
19|2|2|42||1710|
19|2|2|42||1711|
19|2|2|43||1712|
19|2|2|43||1713|
19|2|2|43||1714|
19|2|2|43||1715|
19|2|2|43||1716|
19|2|2|43||1717|
19|2|2|43||1718|
19|2|2|43||1719|
19|2|2|43||1720|
19|2|2|43||1721|
19|2|2|43||1722|
19|2|2|43||1723|
19|2|2|45||1729|
19|2|2|45||1730|
19|2|2|45||1731|
19|2|2|45||1732|
19|2|2|45||1733|
19|2|2|45||1734|
19|2|2|45||1735|
19|2|2|45||1736|
19|2|2|45||1737|
19|2|2|45||1738|
19|2|2|45||1739|
19|2|2|45||1740|
19|2|2|45||1741|
19|2|2|45||1742|
19|2|2|45||1743|
19|2|2|45||1744|
19|2|2|45||1745|
19|2|2|45||1746|
19|2|2|45||1747|
19|2|2|45||1748|
19|2|2|45||1749|
19|2|2|45||1750|
19|2|2|45||1751|
19|2|2|46||1752|
19|2|2|46||1753|
19|2|2|46||1754|
19|2|2|46||1755|
19|2|2|46||1756|
19|2|2|46||1757|
19|2|2|46||1758|
19|2|2|46||1759|
19|2|2|46||1760|
19|2|2|50||2111|
19|2|2|50||2112|
19|2|2|50||2113|
19|2|2|50||2114|
19|2|2|50||2115|
19|2|2|50||2116|
19|2|2|50||2117|
19|2|2|51||2118|
19|2|2|51||2119|
19|2|2|51||2120|
19|2|2|51||2121|
19|2|2|51||2122|
19|2|2|51||2123|
19|3|9|21||430|
19|3|9|21||431|
19|3|9|21||432|
19|3|9|21||433|
19|3|9|21||434|
19|3|9|21||435|
19|3|9|21||436|
19|3|9|21||437|
19|3|9|21||438|
19|3|9|21||439|
19|3|9|21||440|
19|3|9|21||441|
19|3|9|21||442|
19|3|9|21||443|
19|3|9|21||444|
19|3|9|21||445|
19|3|9|21||446|
19|3|9|21||447|
19|3|9|21||448|
19|3|9|21||449|
19|3|9|21||450|
19|3|9|21||451|
19|3|9|21||452|
19|3|9|21||453|
19|3|9|21||454|
19|3|9|21||455|
19|3|9|21||456|
19|3|9|21||457|
19|3|9|21||458|
19|3|9|21||459|
19|3|9|21||460|
19|3|9|21||461|
19|3|9|21||462|
19|3|9|21||463|
19|3|9|21||464|
19|3|9|21||465|
19|3|9|21||466|
19|3|9|21||467|
19|3|9|21||468|
19|3|9|21||469|
19|3|9|21||470|
19|3|9|21||471|
19|3|9|21||472|
19|3|9|21||473|
19|3|9|21||474|
19|3|9|21||475|
19|3|9|21||476|
19|3|9|21||477|
19|3|9|21||478|
19|3|9|21||479|
19|3|9|21||480|
19|3|9|21||481|
19|3|9|21||482|
19|3|9|21||483|
19|3|9|21||484|
19|3|9|21||485|
19|3|9|21||486|
19|3|9|21||487|
19|3|9|21||488|
19|3|9|21||489|
19|3|9|21||490|
19|3|9|21||491|
19|3|9|21||492|
19|3|9|21||493|
19|3|6|40||2124|
19|3|6|40||2125|
19|3|6|40||2126|
19|3|6|40||2127|
19|3|6|40||2128|
19|3|6|40||2129|
19|3|6|40||2130|
19|3|6|40||2131|
19|3|6|40||2132|
19|3|6|40||2133|
19|3|6|40||2134|
19|3|6|40||2135|
19|3|9|47||1761|
19|3|9|47||1762|
19|3|9|47||1763|
19|3|9|47||1764|
19|3|9|47||1765|
19|3|9|47||1766|
19|3|9|47||1767|
19|3|9|47||1768|
19|3|9|47||1769|
19|3|9|47||1770|
19|3|9|47||1771|
19|3|9|47||1772|
19|3|10|47||1773|
19|3|10|47||1774|
19|3|10|47||1775|
19|3|9|47||1776|
19|3|9|47||1777|
19|3|9|47||1778|
19|3|9|47||1779|
19|3|9|47||1780|
19|3|9|47||1781|
19|3|9|47||1782|
19|3|9|47||1783|
19|3|9|47||1784|
19|3|9|47||1785|
19|3|9|47||1786|
19|3|9|47||1787|
19|3|9|47||1788|
19|3|9|47||1789|
19|3|9|47||1790|
19|3|9|47||1791|
19|3|9|47||1792|
19|3|9|47||1793|
19|3|9|47||1794|
19|3|9|47||1795|
19|3|9|47||1796|
19|3|9|47||1797|
19|3|9|47||1798|
19|3|9|47||1799|
19|3|9|47||1800|
19|3|9|47||1801|
19|3|9|47||1802|
19|3|9|47||1803|
19|3|9|47||1804|
19|3|9|47||1805|
19|3|9|47||1806|
19|3|9|47||1807|
19|3|10|47||1808|
19|3|10|47||1809|
19|3|10|47||1810|
19|3|10|47||1811|
19|3|10|47||1812|
19|3|10|47||1813|
19|3|10|47||1814|
19|3|10|47||1815|
19|3|10|47||1816|
19|3|9|47||1817|
19|3|10|47||1818|
19|3|10|47||1819|
19|3|9|47||1820|
19|3|9|47||1821|
19|3|9|47||1822|
19|3|9|47||1823|
19|3|9|47||1824|
19|3|9|47||1825|
19|3|9|47||1826|
19|3|9|47||1827|
19|3|9|47||1828|
19|3|9|47||1829|
19|3|9|47||1830|
19|3|9|47||1831|
19|3|9|47||1832|
19|3|9|47||1833|
19|3|9|47||1838|
19|3|9|47||1839|
19|3|9|47||1840|
19|3|9|47||1841|
19|3|9|47||1842|
19|3|10|47||1843|
19|3|10|47||1844|
19|3|10|47||1845|
19|3|10|47||1846|
19|3|10|47||1847|
19|3|10|47||1848|
19|3|10|47||1853|
19|3|10|47||1854|
19|3|10|47||1855|
19|4|9|47||1834|
19|4|9|47||1835|
19|4|9|47||1836|
19|4|9|47||1837|
19|4|10|47||1849|
19|4|10|47||1850|
19|4|10|47||1851|
19|4|10|47||1852|
19|4|10|47||1856|
19|4|10|47||1857|
19|4|10|47||1858|
19|4|10|47||1859|
19|4|10|47||1860|
19|4|10|47||1861|
19|4|10|47||1862|
19|4|10|47||1863|
19|4|10|47||1864|
19|4|10|47||1865|
19|4|10|47||1866|
19|4|10|47||1867|
19|4|10|47||1868|
19|4|10|47||1869|
19|4|10|47||1870|
19|4|10|47||1871|
19|4|10|47||1872|
19|4|10|47||1873|
19|4|10|47||1874|
19|4|10|47||1875|
19|4|10|47||1876|
19|4|10|47||1877|
19|4|10|47||1878|
19|4|10|47||1879|
19|4|10|47||1880|
19|4|10|47||1881|
19|4|10|47||1882|
19|4|10|47||1883|
19|4|10|47||1884|
19|4|10|47||1885|
19|4|10|47||1886|
19|4|10|47||1887|
19|4|10|47||1888|
19|4|10|47||1889|
19|4|10|47||1890|
19|4|10|47||1891|
19|4|10|47||1892|
19|4|10|47||1893|
19|4|10|47||1894|
19|4|10|47||1895|
19|4|10|47||1896|
19|4|10|47||1897|
19|4|10|47||1898|
19|4|10|47||1899|
19|4|10|47||1900|
19|4|10|47||1901|
19|4|10|47||1902|
19|4|10|47||1903|
19|4|10|47||1904|
19|4|10|47||1905|
19|4|10|47||1906|
19|4|10|47||1907|
19|4|10|47||1908|
19|4|10|47||1909|
19|4|10|47||1910|
19|4|10|47||1911|
19|4|10|47||1912|
19|4|10|47||1913|
19|4|10|47||1914|
19|4|10|47||1915|
19|4|10|47||1916|
19|4|10|47||1917|
19|4|10|47||1918|
19|4|10|47||1919|
19|4|10|47||1920|
19|4|10|47||1921|
19|4|10|47||1922|
19|4|10|47||1923|
19|4|10|47||1924|
19|4|10|47||1925|
19|4|10|47||1926|
19|4|10|47||1927|
19|4|10|47||1928|
19|4|10|47||1929|
19|4|10|47||1930|
19|4|10|47||1931|
19|4|10|47||1932|
19|4|10|47||1933|
19|4|10|47||1934|
19|4|10|47||1935|
19|4|10|47||1936|
19|4|10|47||1937|
19|4|10|47||1938|
19|4|10|47||1939|
19|4|10|47||1940|
19|4|10|47||1941|
19|4|10|47||1942|
19|4|10|47||1943|
19|4|10|47||1944|
19|4|10|47||1945|
19|4|10|47||1946|
19|4|10|47||1947|
19|4|10|47||1948|
19|4|10|47||1949|
19|4|10|47||1950|
19|4|10|47||1951|
19|4|10|47||1952|
19|4|10|47||1953|
19|4|10|47||1954|
19|4|10|47||1955|
19|4|10|47||1956|
19|4|10|47||1957|
19|4|10|47||1958|
19|4|10|47||1959|
19|4|10|47||1960|
19|4|10|47||1961|
19|4|10|47||1962|
19|4|10|47||1963|
19|4|10|47||1964|
19|4|10|47||1965|
19|4|10|47||1966|
19|4|10|47||1967|
19|4|10|47||1968|
19|4|10|47||1969|
19|4|10|47||1970|
19|4|10|47||1971|
19|4|10|47||1972|
19|4|10|47||1973|
19|4|10|47||1974|
19|4|10|47||1975|
19|4|10|47||1976|
19|4|10|47||1977|
19|4|10|47||1978|
19|4|10|47||1979|
19|4|10|47||1980|
19|4|10|47||1981|
19|4|10|47||1982|
19|4|10|47||1983|
19|4|10|47||1984|
19|4|10|47||1985|
19|4|10|47||1986|
19|4|10|47||1987|
19|4|10|47||1988|
19|4|10|47||1989|
19|4|10|47||1990|
19|4|10|47||1991|
19|4|10|47||1992|
19|4|10|47||1993|
19|4|10|47||1994|
19|4|10|47||1995|
19|4|10|47||1996|
19|4|10|47||1997|
19|4|10|47||1998|
19|5|8|40||975|
19|5|8|40||976|
19|5|8|40||977|
19|5|8|40||978|
19|5|8|40||979|
19|5|8|40||980|
19|5|8|40||981|
19|5|8|40||982|
19|5|8|40||983|
19|5|8|40||984|
19|5|7|40||985|
19|5|7|40||986|
19|5|8|40||987|
19|5|7|40||990|
19|5|8|40||1432|
19|5|8|40||1433|
19|5|8|40||1434|
19|5|8|40||1435|
19|5|8|40||1436|
19|5|8|40||1437|
19|5|8|40||1438|
19|5|8|40||1439|
19|5|8|40||1440|
19|5|6|40||1441|
19|5|8|40||1442|
19|5|8|40||1443|
19|5|8|40||1444|
19|5|8|40||1445|
19|5|8|40||1446|
19|5|6|40||1447|
19|5|6|40||1448|
19|5|6|40||1449|
19|5|6|40||1450|
19|5|6|40||1451|
19|5|6|40||1452|
19|5|6|40||1453|
19|5|8|40||1454|
19|5|8|40||1455|
19|5|8|40||1456|
19|5|8|40||1457|
19|5|6|40||1458|
19|5|6|40||1459|
19|5|6|40||1460|
19|5|6|40||1461|
19|5|6|40||1462|
19|5|6|40||1463|
19|5|6|40||1464|
19|5|6|40||1465|
19|5|6|40||1466|
19|5|6|40||1467|
19|5|6|40||1468|
19|5|6|40||1469|
19|5|6|40||1470|
19|5|6|40||1471|
19|5|8|40||1472|
19|5|8|40||1473|
19|5|8|40||1474|
19|5|8|40||1475|
19|5|8|40||1476|
19|5|8|40||1477|
19|5|8|40||1478|
19|5|6|40||1479|
19|5|6|40||1480|
19|5|6|40||1481|
19|5|6|40||1482|
19|5|6|40||1483|
19|5|6|40||1484|
19|5|6|40||1485|
19|5|6|40||1486|
19|5|6|40||1487|
19|5|6|40||1488|
19|5|6|40||1489|
19|5|6|40||1490|
19|5|6|40||1491|
19|5|6|40||1492|
19|5|6|40||1493|
19|5|6|40||1494|
19|5|6|40||1495|
19|5|8|40||1496|
19|5|8|40||1497|
19|5|8|40||1498|
19|5|8|40||1499|
19|5|8|40||1500|
19|5|6|40||1501|
19|5|6|40||1502|
19|5|6|40||1503|
19|5|6|40||1504|
19|5|6|40||1505|
19|5|6|40||1515|
19|5|8|40||1517|
19|5|8|40||1518|
19|5|8|40||1519|
19|5|8|40||1520|
19|5|8|40||1521|
19|5|8|40||1522|
19|5|8|40||1523|
19|5|8|40||1524|
19|5|8|40||1525|
19|5|8|40||1544|
19|5|8|40||1545|
19|5|8|40||1546|
19|5|8|40||1547|
19|5|8|40||1548|
19|5|8|40||1549|
19|5|8|40||1550|
19|5|8|40||1551|
19|5|8|40||1552|
19|5|8|40||1553|
19|5|8|40||1554|
19|5|8|40||1555|
19|5|8|40||1556|
19|5|8|40||1588|
19|5|8|40||1589|
19|5|8|40||1590|
19|5|8|40||1591|
19|5|8|40||1592|
19|5|8|40||1593|
19|5|8|40||1612|
19|5|8|40||1613|
19|5|8|40||1614|
19|5|8|40||1615|
19|5|8|40||1616|
19|5|8|40||1617|
19|5|8|40||1618|
19|5|8|40||1619|
19|5|8|40||1620|
19|5|8|40||1621|
19|5|8|40||1622|
19|5|8|40||1623|
19|5|8|40||1624|
19|5|8|40||1625|
19|5|8|40||1626|
19|5|8|40||1627|
19|6|7|40||991|
19|6|7|40||992|
19|6|7|40||993|
19|6|7|40||1002|
19|6|7|40||1003|
19|6|7|40||1004|
19|6|7|40||1005|
19|6|7|40||1006|
19|6|7|40||1007|
19|6|7|40||1008|
19|6|7|40||1009|
19|6|7|40||1010|
19|6|7|40||1011|
19|6|7|40||1012|
19|6|7|40||1013|
19|6|7|40||1014|
19|6|7|40||1015|
19|6|7|40||1016|
19|6|7|40||1017|
19|6|7|40||1018|
19|6|7|40||1035|
19|6|7|40||1036|
19|6|7|40||1037|
19|6|7|40||1038|
19|6|7|40||1039|
19|6|7|40||1040|
19|6|7|40||1041|
19|6|7|40||1042|
19|6|7|40||1043|
19|6|7|40||1044|
19|6|7|40||1045|
19|6|7|40||1046|
19|6|7|40||1047|
19|6|7|40||1048|
19|6|7|40||1049|
19|6|7|40||1050|
19|6|7|40||1051|
19|6|7|40||1071|
19|6|7|40||1082|
19|6|7|40||1083|
19|6|7|40||1084|
19|6|7|40||1085|
19|6|7|40||1086|
19|6|7|40||1087|
19|6|7|40||1088|
19|6|7|40||1089|
19|6|7|40||1090|
19|6|7|40||1091|
19|6|7|40||1092|
19|6|7|40||1093|
19|6|7|40||1094|
19|6|7|40||1095|
19|6|7|40||1096|
19|6|7|40||1097|
19|6|7|40||1098|
19|6|6|40||1506|
19|6|6|40||1507|
19|6|6|40||1508|
19|6|6|40||1509|
19|6|6|40||1510|
19|6|6|40||1511|
19|6|6|40||1512|
19|6|6|40||1513|
19|6|6|40||1514|
19|6|6|40||1516|
19|6|6|40||1526|
19|6|6|40||1527|
19|6|6|40||1528|
19|6|6|40||1529|
19|6|6|40||1530|
19|6|6|40||1531|
19|6|6|40||1532|
19|6|6|40||1533|
19|6|6|40||1534|
19|6|6|40||1535|
19|6|6|40||1536|
19|6|6|40||1537|
19|6|6|40||1538|
19|6|6|40||1539|
19|6|6|40||1540|
19|6|6|40||1541|
19|6|6|40||1542|
19|6|6|40||1543|
19|6|6|40||1557|
19|6|6|40||1558|
19|6|6|40||1559|
19|6|6|40||1560|
19|6|6|40||1561|
19|6|6|40||1562|
19|6|6|40||1563|
19|6|6|40||1564|
19|6|6|40||1565|
19|6|6|40||1566|
19|6|6|40||1567|
19|6|6|40||1568|
19|6|6|40||1569|
19|6|6|40||1570|
19|6|6|40||1571|
19|6|6|40||1572|
19|6|6|40||1573|
19|6|6|40||1574|
19|6|7|40||1575|
19|6|7|40||1576|
19|6|7|40||1577|
19|6|7|40||1578|
19|6|7|40||1579|
19|6|6|40||1580|
19|6|6|40||1581|
19|6|6|40||1582|
19|6|6|40||1583|
19|6|6|40||1584|
19|6|6|40||1585|
19|6|6|40||1586|
19|6|6|40||1587|
19|6|6|40||1594|
19|6|7|40||1595|
19|6|6|40||1596|
19|6|6|40||1597|
19|6|6|40||1598|
19|6|7|40||1599|
19|6|7|40||1600|
19|6|7|40||1601|
19|6|7|40||1602|
19|6|7|40||1603|
19|6|7|40||1604|
19|6|7|40||1605|
19|6|7|40||1606|
19|6|7|40||1607|
19|6|7|40||1608|
19|6|7|40||1609|
19|6|7|40||1610|
19|6|7|40||1611|
19|7|7|40||988|
19|7|7|40||989|
19|7|7|40||994|
19|7|7|40||995|
19|7|7|40||996|
19|7|7|40||997|
19|7|7|40||998|
19|7|7|40||999|
19|7|7|40||1000|
19|7|7|40||1001|
19|7|7|40||1019|
19|7|7|40||1020|
19|7|7|40||1021|
19|7|7|40||1022|
19|7|7|40||1023|
19|7|7|40||1024|
19|7|7|40||1025|
19|7|7|40||1026|
19|7|7|40||1027|
19|7|7|40||1028|
19|7|7|40||1029|
19|7|7|40||1030|
19|7|7|40||1031|
19|7|7|40||1032|
19|7|7|40||1033|
19|7|7|40||1034|
19|7|7|40||1052|
19|7|7|40||1053|
19|7|7|40||1054|
19|7|7|40||1055|
19|7|7|40||1056|
19|7|7|40||1057|
19|7|7|40||1058|
19|7|7|40||1059|
19|7|7|40||1060|
19|7|7|40||1061|
19|7|7|40||1062|
19|7|7|40||1063|
19|7|7|40||1064|
19|7|7|40||1065|
19|7|7|40||1066|
19|7|7|40||1067|
19|7|7|40||1068|
19|7|7|40||1069|
19|7|7|40||1070|
19|7|7|40||1072|
19|7|7|40||1073|
19|7|7|40||1074|
19|7|7|40||1075|
19|7|7|40||1076|
19|7|7|40||1077|
19|7|7|40||1078|
19|7|7|40||1079|
19|7|7|40||1080|
19|7|7|40||1081|
19|7|7|40||1099|
19|7|7|40||1100|
19|7|7|40||1101|
19|7|7|40||1102|
19|7|7|40||1103|
19|7|7|40||1104|
19|7|7|40||1105|
19|7|7|40||1106|
19|7|7|40||1107|
19|7|7|40||1108|
19|7|7|40||1109|
19|7|7|40||1110|
19|7|7|40||1111|
19|7|7|40||1112|
19|7|7|40||1113|
19|7|7|40||1114|
19|7|7|40||1115|
19|7|7|40||1116|
19|7|7|40||1117|
19|7|7|40||1118|
19|7|7|40||1119|
19|7|7|40||1120|
19|7|7|40||1121|
19|7|7|40||1122|
19|7|7|40||1123|
19|7|7|40||1124|
19|7|7|40||1125|
19|7|7|40||1126|
19|7|7|40||1127|
19|7|7|40||1128|
19|7|7|40||1129|
19|7|7|40||1130|
19|7|8|40||1131|
19|7|8|40||1132|
19|7|8|40||1133|
19|7|8|40||1134|
19|7|8|40||1135|
19|7|8|40||1136|
19|7|8|40||1137|
19|7|8|40||1138|
19|7|8|40||1139|
19|7|8|40||1140|
19|7|8|40||1141|
19|7|8|40||1142|
19|7|7|40||1143|
19|7|7|40||1144|
19|7|7|40||1145|
19|7|7|40||1146|
19|7|8|40||1147|
19|7|8|40||1148|
19|7|8|40||1149|
19|7|8|40||1150|
19|7|8|40||1151|
19|7|8|40||1152|
19|7|8|40||1153|
19|7|8|40||1154|
19|7|7|40||1155|
19|7|7|40||1156|
19|7|7|40||1157|
19|7|7|40||1158|
19|7|7|40||1159|
19|7|7|40||1160|
19|7|7|40||1161|
19|7|7|40||1162|
19|7|7|40||1163|
19|7|8|40||1164|
19|7|8|40||1165|
19|7|7|40||1166|
19|7|7|40||1167|
19|7|7|40||1168|
19|7|7|40||1169|
19|7|7|40||1170|
19|7|7|40||1171|
19|7|7|40||1172|
19|7|7|40||1173|
19|7|7|40||1174|
19|7|7|40||1175|
19|7|7|40||1176|
19|7|7|40||1177|
19|7|7|40||1178|
19|7|7|40||1179|
19|7|7|40||1180|
19|7|7|40||1181|
19|7|7|40||1182|
19|7|7|40||1183|
19|7|7|40||1184|
19|7|7|40||1185|
19|7|7|40||1186|
19|7|7|40||1187|
19|7|7|40||1188|
19|7|7|40||1189|
19|7|7|40||1190|
19|7|7|40||1191|
19|7|7|40||1192|
19|7|7|40||1193|
19|7|7|40||1194|
19|7|7|40||1195|
19|7|7|40||1196|
19|7|7|40||1197|
19|7|7|40||1198|
19|7|7|40||1199|
19|7|7|40||1200|
19|7|7|40||1201|
19|7|7|40||1202|
19|7|7|40||1203|
19|7|7|40||1204|
19|7|7|40||1205|
19|7|7|40||1206|
19|7|7|40||1207|
19|7|7|40||1208|
19|7|7|40||1209|
19|7|7|40||1210|
19|7|7|40||1211|
19|7|7|40||1212|
19|7|7|40||1213|
19|7|7|40||1214|
19|7|7|40||1215|
19|7|7|40||1216|
19|7|7|40||1217|
19|7|7|40||1218|
19|7|7|40||1219|
19|7|7|40||1220|
19|7|7|40||1221|
19|7|7|40||1222|
19|7|7|40||1223|
19|7|7|40||1224|
19|7|7|40||1225|
19|7|7|40||1226|
19|7|7|40||1227|
19|7|7|40||1228|
19|7|7|40||1229|
19|7|7|40||1230|
19|7|7|40||1231|
19|7|7|40||1232|
19|7|7|40||1233|
19|7|7|40||1234|
19|7|7|40||1235|
19|7|7|40||1236|
19|7|7|40||1237|
19|7|7|40||1238|
19|7|7|40||1239|
19|7|7|40||1240|
19|7|8|40||1241|
19|7|8|40||1242|
19|7|8|40||1243|
19|7|7|40||1244|
19|7|7|40||1245|
19|7|7|40||1246|
19|7|5|40||1247|
19|7|5|40||1248|
19|7|5|40||1249|
19|7|5|40||1250|
19|7|5|40||1251|
19|7|5|40||1252|
19|7|7|40||1253|
19|7|7|40||1254|
19|7|7|40||1255|
19|7|7|40||1256|
19|7|5|40||1257|
19|7|5|40||1258|
19|7|5|40||1259|
19|7|5|40||1260|
19|7|5|40||1261|
19|7|7|40||1262|
19|7|8|40||1628|
19|7|8|40||1629|
19|7|8|40||1630|
19|7|8|40||1631|
19|7|8|40||1632|
19|7|8|40||1633|
19|7|8|40||1634|
19|7|8|40||1635|
19|7|8|40||1636|
19|7|8|40||1637|
19|7|8|40||1638|
19|7|8|40||1639|
19|7|8|40||1640|
19|7|8|40||1641|
19|7|8|40||1642|
19|7|8|40||1643|
19|7|8|40||1644|
19|7|8|40||1645|
19|7|8|40||1646|
19|7|8|40||1647|
19|7|8|40||1648|
19|7|8|40||1649|
19|7|8|40||1650|
19|7|8|40||1651|
19|7|8|40||1652|
19|7|8|40||1653|
19|7|8|40||1654|
19|7|8|40||1655|
19|7|8|40||1656|
19|7|8|40||1657|
19|7|8|40||1658|
19|7|8|40||1659|
19|7|8|40||1660|
19|7|8|40||1661|
19|7|8|40||1662|
19|7|8|40||1663|
19|7|8|40||1664|
19|7|8|40||1665|
19|7|8|40||1666|
19|7|8|40||1667|
19|7|8|40||1668|
19|7|8|40||1669|
19|7|8|40||1670|
19|7|8|40||1671|
19|7|8|40||1672|
19|7|8|40||1673|
19|7|8|40||1674|
19|7|8|40||1675|
19|7|8|40||1676|
19|7|8|40||1677|
19|7|8|40||1678|
19|7|5|40||1679|
19|7|5|40||1680|
19|7|5|40||1681|
19|7|5|40||1682|
19|7|5|40||1683|
19|7|5|40||1684|
19|7|5|40||1685|
19|7|8|40||1686|
19|7|5|40||1687|
19|7|5|40||1688|
19|7|5|40||1689|
19|7|5|40||1690|
19|7|5|40||1691|
19|7|5|40||1692|
19|7|5|40||1693|
19|7|5|40||1694|
19|7|5|40||1695|
19|7|5|40||1696|
19|7|5|40||1697|
19|7|5|40||1698|
19|7|5|40||1699|
19|8|4|26||530|
19|8|4|26||531|
19|8|4|26||532|
19|8|4|26||533|
19|8|4|26||534|
19|8|4|26||535|
19|8|4|26||536|
19|8|4|26||537|
19|8|4|26||538|
19|8|4|26||539|
19|8|4|26||540|
19|8|4|26||541|
19|8|4|26||542|
19|8|4|26||543|
19|8|4|26||544|
19|8|4|26||545|
19|8|4|26||546|
19|8|4|26||547|
19|8|4|26||548|
19|8|4|26||549|
19|8|4|26||550|
19|8|4|26||551|
19|8|4|26||552|
19|8|4|26||553|
19|8|4|26||554|
19|8|4|26||555|
19|8|4|26||556|
19|8|4|26||557|
19|8|4|26||558|
19|8|4|26||604|
19|8|4|26||605|
19|8|4|26||606|
19|8|4|26||607|
19|8|4|26||608|
19|8|4|26||609|
19|8|4|26||610|
19|8|4|26||611|
19|8|4|26||612|
19|8|4|26||613|
19|8|4|26||614|
19|8|4|26||615|
19|8|4|26||616|
19|8|4|26||617|
19|8|4|26||618|
19|8|4|26||619|
19|8|4|26||620|
19|8|4|26||621|
19|8|4|26||622|
19|8|4|26||623|
19|8|4|26||624|
19|8|4|26||625|
19|8|4|26||626|
19|8|4|26||627|
19|8|4|26||628|
19|8|4|26||629|
19|8|4|26||630|
19|8|4|26||631|
19|8|4|26||632|
19|8|4|26||633|
19|8|4|26||634|
19|8|4|26||635|
19|8|4|26||636|
19|8|4|26||637|
19|8|4|26||638|
19|8|4|26||639|
19|8|4|26||640|
19|8|4|26||641|
19|8|4|26||642|
19|8|4|26||643|
19|8|4|26||644|
19|8|4|26||645|
19|8|4|26||646|
19|8|4|26||647|
19|8|4|26||648|
19|8|4|26||649|
19|8|4|26||650|
19|8|4|26||651|
19|8|4|26||652|
19|8|4|26||653|
19|8|4|26||654|
19|8|4|26||655|
19|8|4|26||656|
19|8|4|26||657|
19|8|4|26||658|
19|8|4|26||659|
19|8|4|26||660|
19|8|4|26||661|
19|8|4|26||662|
19|8|4|26||663|
19|8|4|26||664|
19|8|4|26||665|
19|8|4|26||666|
19|8|4|26||667|
19|8|4|26||668|
19|8|4|26||669|
19|8|4|26||670|
19|8|4|26||671|
19|8|4|26||672|
19|8|4|26||673|
19|8|4|26||674|
19|8|4|26||675|
19|8|4|26||676|
19|8|4|26||677|
19|8|4|26||678|
19|8|4|26||679|
19|8|4|26||680|
19|8|4|26||681|
19|8|4|26||682|
19|8|4|26||683|
19|8|4|26||684|
19|8|4|26||685|
19|8|4|26||686|
19|8|4|26||687|
19|8|4|26||688|
19|8|4|26||689|
19|8|4|26||690|
19|8|4|26||691|
19|8|4|26||692|
19|8|4|26||693|
19|8|4|26||694|
19|8|3|26||695|
19|8|3|26||696|
19|8|3|26||697|
19|8|3|26||698|
19|8|3|26||699|
19|8|3|26||700|
19|8|3|26||701|
19|8|3|26||702|
19|8|3|26||703|
19|8|3|26||704|
19|8|3|26||705|
19|8|3|26||706|
19|8|3|26||718|
19|8|3|26||719|
19|8|3|26||720|
19|9|1|4||20|
19|9|1|4||21|
19|9|1|4||22|
19|9|1|4||23|
19|9|1|4||24|
19|9|1|4||25|
19|9|1|4||26|
19|9|1|4||27|
19|9|1|4||28|
19|9|1|4||29|
19|9|1|4||30|
19|9|1|4||31|
19|9|1|4||32|
19|9|1|4||33|
19|9|1|4||34|
19|9|1|4||35|
19|9|1|4||36|
19|9|1|4||37|
19|9|1|4||38|
19|9|1|7||151|
19|9|1|7||152|
19|9|1|7||153|
19|9|1|7||154|
19|9|1|7||155|
19|9|1|7||156|
19|9|1|7||157|
19|9|1|7||158|
19|9|1|7||159|
19|9|1|7||160|
19|9|1|7||161|
19|9|1|7||162|
19|9|1|7||163|
19|9|1|7||164|
19|9|1|7||165|
19|9|1|7||166|
19|9|1|7||167|
19|9|1|14||257|
19|9|1|14||258|
19|9|1|14||259|
19|9|1|14||260|
19|9|1|14||261|
19|9|1|14||262|
19|9|1|14||263|
19|9|1|14||264|
19|9|1|14||265|
19|9|1|14||266|
19|9|1|14||267|
19|9|1|14||268|
19|9|1|14||269|
19|9|1|14||270|
19|9|1|14||271|
19|9|1|14||272|
19|9|1|14||273|
19|9|1|14||274|
19|9|1|14||275|
19|9|1|14||276|
19|9|1|14||277|
19|9|1|14||278|
19|9|1|14||279|
19|9|1|14||280|
19|9|1|14||281|
19|9|1|14||282|
19|9|1|14||283|
19|9|1|14||284|
19|9|1|14||285|
19|9|1|14||286|
19|9|1|14||287|
19|9|1|14||288|
19|9|1|14||289|
19|9|1|14||290|
19|9|1|14||291|
19|9|1|14||292|
19|9|1|14||293|
19|9|1|17||309|
19|9|1|17||310|
19|9|1|17||311|
19|9|1|17||312|
19|9|1|17||313|
19|9|1|17||314|
19|9|1|17||315|
19|9|1|17||316|
19|9|1|17||317|
19|9|1|17||318|
19|9|1|17||319|
19|9|1|17||320|
19|9|1|17||321|
19|9|1|17||322|
19|9|1|17||323|
19|9|1|17||324|
19|9|1|17||325|
19|9|1|17||326|
19|9|1|17||327|
19|9|1|17||328|
19|9|1|17||329|
19|9|1|17||330|
19|9|1|17||331|
19|9|1|17||332|
19|9|1|17||333|
19|9|1|17||334|
19|9|1|17||335|
19|9|1|17||336|
19|9|1|17||337|
19|9|1|17||338|
19|9|1|17||339|
19|9|1|17||340|
19|9|1|17||341|
19|9|1|17||342|
19|9|1|17||343|
19|9|1|17||344|
19|9|1|17||345|
19|9|1|22||494|
19|9|1|22||495|
19|9|1|22||496|
19|9|1|22||497|
19|9|1|22||498|
19|9|1|22||499|
19|9|1|22||500|
19|9|1|22||501|
19|9|1|22||502|
19|9|1|22||503|
19|9|1|22||504|
19|9|1|22||505|
19|9|1|22||506|
19|9|1|22||507|
19|9|1|22||508|
19|9|1|22||509|
19|9|1|22||510|
19|9|1|22||511|
19|9|1|22||512|
19|9|1|22||513|
19|9|1|22||514|
19|9|1|24||518|
19|9|1|24||519|
19|9|1|24||520|
19|9|1|24||521|
19|9|1|24||522|
19|9|1|30||822|
19|9|1|30||823|
19|9|1|30||824|
19|9|1|30||825|
19|9|1|30||826|
19|9|1|30||827|
19|9|1|30||828|
19|9|1|30||829|
19|9|1|30||830|
19|9|1|31||831|
19|9|1|31||832|
19|9|1|31||833|
19|9|1|31||834|
19|9|2|32||835|
19|9|2|32||836|
19|9|2|32||837|
19|9|2|32||838|
19|9|2|32||839|
19|9|2|32||840|
19|9|2|32||841|
19|9|2|32||842|
19|9|2|32||843|
19|9|2|32||844|
19|9|2|32||845|
19|9|2|32||846|
19|9|2|32||847|
19|9|2|32||848|
19|9|2|32||849|
19|9|2|32||850|
19|9|2|32||851|
19|9|2|32||852|
19|9|2|32||853|
19|9|1|34||860|
19|9|1|34||861|
19|9|1|34||862|
19|9|1|34||863|
19|9|1|34||864|
19|9|1|34||865|
19|9|1|34||866|
19|9|1|34||867|
19|9|1|34||868|
19|9|1|34||869|
19|9|1|34||870|
19|9|1|34||871|
19|9|1|34||872|
19|9|1|34||873|
19|9|1|34||874|
19|9|1|34||875|
19|9|1|34||876|
19|9|1|34||877|
19|9|1|34||878|
19|9|1|34||879|
19|9|1|34||880|
19|9|1|34||881|
19|9|1|34||882|
19|9|1|34||883|
19|9|1|34||884|
19|9|1|34||885|
19|9|1|34||886|
19|9|1|34||887|
19|9|1|34||888|
19|9|1|34||889|
19|9|1|34||890|
19|9|1|34||891|
19|9|1|34||892|
19|9|1|34||893|
19|9|1|34||894|
19|9|1|34||895|
19|9|1|34||896|
19|9|1|34||897|
19|9|1|34||898|
19|9|1|34||899|
19|9|1|34||900|
19|9|1|34||901|
19|9|1|34||902|
19|9|1|34||903|
19|9|1|34||904|
19|9|1|34||905|
19|9|1|34||906|
19|9|1|34||907|
19|9|1|37||913|
19|9|1|37||914|
19|9|1|37||915|
19|9|1|37||916|
19|9|1|37||917|
19|9|1|37||918|
19|9|1|37||919|
19|9|1|37||920|
19|9|1|37||921|
19|9|1|37||922|
19|9|1|37||923|
19|9|1|39||931|
19|9|1|39||932|
19|9|1|39||933|
19|9|1|39||934|
19|9|1|39||935|
19|9|1|39||936|
19|9|1|39||937|
19|9|1|39||938|
19|9|1|39||939|
19|9|1|39||940|
19|9|1|39||941|
19|9|1|39||942|
19|9|1|39||943|
19|9|1|39||944|
19|9|1|39||945|
19|9|1|39||946|
19|9|1|39||947|
19|9|1|39||948|
19|9|1|39||949|
19|9|1|39||950|
19|9|1|39||951|
19|9|1|39||952|
19|9|1|39||953|
19|9|1|39||954|
19|9|1|39||955|
19|9|1|39||956|
19|9|1|39||957|
19|9|1|39||958|
19|9|1|39||959|
19|9|1|39||960|
19|9|1|39||961|
19|9|1|39||962|
19|9|1|39||963|
19|9|1|39||964|
19|9|1|39||965|
19|9|1|39||966|
19|9|1|39||967|
19|9|1|39||968|
19|9|1|39||969|
19|9|1|39||970|
19|9|1|39||971|
19|9|1|39||972|
19|9|1|39||973|
19|9|1|39||974|
19|9|1|44||1724|
19|9|1|44||1725|
19|9|1|44||1726|
19|9|1|44||1727|
19|9|1|44||1728|
19|9|1|49||2086|
19|9|1|49||2087|
19|9|1|49||2088|
19|9|1|49||2089|
19|9|1|49||2090|
19|9|1|49||2091|
19|9|1|49||2092|
19|9|1|49||2093|
19|9|1|49||2094|
19|9|1|49||2095|
19|9|1|49||2096|
19|9|1|49||2097|
19|9|1|49||2098|
19|9|1|49||2099|
19|9|1|49||2100|
19|9|1|49||2101|
19|9|1|49||2102|
19|9|1|49||2103|
19|9|1|49||2104|
19|9|1|49||2105|
19|9|1|49||2106|
19|9|1|49||2107|
19|9|1|49||2108|
19|9|1|49||2109|
19|9|1|49||2110|
19|10|7|40||1263|
19|10|5|40||1264|
19|10|5|40||1265|
19|10|5|40||1266|
19|10|5|40||1267|
19|10|5|40||1268|
19|10|7|40||1269|
19|10|7|40||1270|
19|10|7|40||1271|
19|10|7|40||1272|
19|10|7|40||1273|
19|10|5|40||1274|
19|10|5|40||1275|
19|10|7|40||1276|
19|10|7|40||1277|
19|10|7|40||1278|
19|10|7|40||1279|
19|10|7|40||1280|
19|10|7|40||1281|
19|10|7|40||1282|
19|10|7|40||1283|
19|10|7|40||1284|
19|10|7|40||1285|
19|10|7|40||1286|
19|10|7|40||1287|
19|10|5|40||1288|
19|10|5|40||1289|
19|10|5|40||1290|
19|10|5|40||1291|
19|10|5|40||1292|
19|10|5|40||1293|
19|10|5|40||1294|
19|10|5|40||1295|
19|10|5|40||1296|
19|10|5|40||1297|
19|10|5|40||1298|
19|10|5|40||1299|
19|10|5|40||1300|
19|10|5|40||1301|
19|10|5|40||1302|
19|10|5|40||1303|
19|10|5|40||1304|
19|10|5|40||1305|
19|10|5|40||1306|
19|10|5|40||1307|
19|10|5|40||1308|
19|10|5|40||1309|
19|10|5|40||1310|
19|10|5|40||1311|
19|10|5|40||1312|
19|10|5|40||1313|
19|10|5|40||1314|
19|10|5|40||1315|
19|10|5|40||1316|
19|10|5|40||1317|
19|10|5|40||1318|
19|10|5|40||1319|
19|10|5|40||1320|
19|10|5|40||1321|
19|10|5|40||1322|
19|10|5|40||1323|
19|10|5|40||1324|
19|10|5|40||1325|
19|10|5|40||1326|
19|10|5|40||1327|
19|10|5|40||1328|
19|10|5|40||1329|
19|10|5|40||1330|
19|10|5|40||1331|
19|10|5|40||1332|
19|10|5|40||1333|
19|10|5|40||1334|
19|10|5|40||1335|
19|10|5|40||1336|
19|10|5|40||1337|
19|10|5|40||1338|
19|10|5|40||1339|
19|10|5|40||1340|
19|10|5|40||1341|
19|10|5|40||1342|
19|10|5|40||1343|
19|10|5|40||1344|
19|10|5|40||1345|
19|10|5|40||1346|
19|10|5|40||1347|
19|10|5|40||1348|
19|10|5|40||1349|
19|10|5|40||1350|
19|10|5|40||1351|
19|10|5|40||1352|
19|10|5|40||1353|
19|10|5|40||1354|
19|10|5|40||1355|
19|10|5|40||1356|
19|10|5|40||1357|
19|10|5|40||1358|
19|10|5|40||1359|
19|10|5|40||1360|
19|10|5|40||1361|
19|10|5|40||1362|
19|10|5|40||1363|
19|10|5|40||1364|
19|10|5|40||1365|
19|10|5|40||1366|
19|10|5|40||1367|
19|10|5|40||1368|
19|10|5|40||1369|
19|10|5|40||1370|
19|10|5|40||1371|
19|10|5|40||1372|
19|10|5|40||1373|
19|10|5|40||1374|
19|10|5|40||1375|
19|10|5|40||1376|
19|10|5|40||1377|
19|10|5|40||1378|
19|10|5|40||1379|
19|10|5|40||1380|
19|10|5|40||1381|
19|10|5|40||1382|
19|10|5|40||1383|
19|10|5|40||1384|
19|10|5|40||1385|
19|10|5|40||1386|
19|10|5|40||1387|
19|10|5|40||1388|
19|10|5|40||1389|
19|10|5|40||1390|
19|10|5|40||1391|
19|10|5|40||1392|
19|10|5|40||1393|
19|10|5|40||1394|
19|10|5|40||1395|
19|10|5|40||1396|
19|10|5|40||1397|
19|10|5|40||1398|
19|10|5|40||1399|
19|10|5|40||1400|
19|10|5|40||1401|
19|10|5|40||1402|
19|10|5|40||1403|
19|10|5|40||1404|
19|10|5|40||1405|
19|10|5|40||1406|
19|10|5|40||1407|
19|10|5|40||1408|
19|10|5|40||1409|
19|10|5|40||1410|
19|10|5|40||1411|
19|10|5|40||1412|
19|10|5|40||1413|
19|10|5|40||1414|
19|10|5|40||1415|
19|10|5|40||1416|
19|10|5|40||1417|
19|10|5|40||1418|
19|10|5|40||1419|
19|10|5|40||1420|
19|10|5|40||1421|
19|10|5|40||1422|
19|10|5|40||1423|
19|10|5|40||1424|
19|10|5|40||1425|
19|10|5|40||1426|
19|10|5|40||1427|
19|10|5|40||1428|
19|10|5|40||1429|
19|10|5|40||1430|
19|10|5|40||1431|
19|11|4|26||526|
19|11|4|26||527|
19|11|4|26||528|
19|11|4|26||529|
19|11|4|26||559|
19|11|4|26||560|
19|11|4|26||561|
19|11|4|26||562|
19|11|4|26||563|
19|11|4|26||564|
19|11|4|26||565|
19|11|4|26||566|
19|11|4|26||567|
19|11|4|26||568|
19|11|4|26||569|
19|11|4|26||570|
19|11|4|26||571|
19|11|4|26||572|
19|11|4|26||573|
19|11|4|26||574|
19|11|4|26||575|
19|11|4|26||576|
19|11|4|26||577|
19|11|4|26||578|
19|11|4|26||579|
19|11|3|26||580|
19|11|3|26||581|
19|11|4|26||582|
19|11|4|26||583|
19|11|4|26||584|
19|11|4|26||585|
19|11|4|26||586|
19|11|4|26||587|
19|11|4|26||588|
19|11|4|26||589|
19|11|4|26||590|
19|11|4|26||591|
19|11|4|26||592|
19|11|4|26||593|
19|11|3|26||594|
19|11|3|26||595|
19|11|3|26||596|
19|11|3|26||597|
19|11|3|26||598|
19|11|3|26||599|
19|11|3|26||600|
19|11|3|26||601|
19|11|3|26||602|
19|11|3|26||603|
19|11|3|26||707|
19|11|3|26||708|
19|11|3|26||709|
19|11|3|26||710|
19|11|3|26||711|
19|11|3|26||712|
19|11|3|26||713|
19|11|3|26||714|
19|11|3|26||715|
19|11|3|26||716|
19|11|3|26||717|
19|11|3|26||721|
19|11|3|26||722|
19|11|3|26||723|
19|11|3|26||724|
19|11|3|26||725|
19|11|3|26||726|
19|11|3|26||727|
19|11|3|26||728|
19|11|3|26||729|
19|11|3|26||730|
19|11|3|26||731|
19|11|3|26||732|
19|11|3|26||733|
19|11|3|26||734|
19|11|3|26||735|
19|11|3|26||736|
19|11|3|26||737|
19|11|3|26||738|
19|11|3|26||739|
19|11|3|26||740|
19|11|3|26||741|
19|11|3|26||742|
19|11|3|26||743|
19|11|3|26||744|
19|11|3|26||745|
19|11|3|26||746|
19|11|3|26||747|
19|11|3|26||748|
19|11|3|26||749|
19|11|3|26||750|
19|11|3|26||751|
19|11|3|26||752|
19|11|3|26||753|
19|11|3|26||754|
19|11|3|26||755|
19|11|3|26||756|
19|11|3|26||757|
19|11|3|26||758|
19|11|3|26||759|
19|11|3|26||760|
19|11|3|26||761|
19|11|3|26||762|
19|11|3|26||763|
19|11|3|26||764|
19|11|3|26||765|
19|11|3|26||766|
19|11|3|26||767|
19|11|3|26||768|
19|11|3|26||769|
19|11|3|26||770|
19|11|3|26||771|
19|11|3|26||772|
19|11|3|26||773|
19|11|3|26||774|
19|11|3|26||775|
19|11|3|26||776|
19|11|3|26||777|
19|11|3|26||778|
19|11|3|26||779|
19|11|3|26||780|
19|11|3|26||781|
19|11|3|26||782|
19|11|3|26||783|
19|11|3|26||784|
19|11|3|26||785|
19|11|3|26||786|
19|11|3|26||787|
19|11|3|26||788|
19|11|3|26||789|
19|11|3|26||790|
19|11|3|26||791|
19|11|3|26||792|
19|11|3|26||793|
19|11|3|26||794|
19|11|3|26||795|
19|11|3|26||796|
19|11|3|26||797|
19|11|3|26||798|
19|11|3|26||799|
19|11|3|26||800|
19|11|3|26||801|
19|11|3|26||802|
19|11|3|26||803|
19|11|3|26||804|
