EDO;DTO;MPO;NOMBRE;FCTMPAL;POB00
 15 ; 1 ; 4 ;ALMOLOYA DE ALQUISIRAS;0.04760; 15584 
 15 ; 1 ; 8 ;AMATEPEC;0.09206; 30141 
 15 ; 1 ; 21 ;COATEPEC HARINAS;0.10710; 35068 
 15 ; 1 ; 67 ;OTZOLOAPAN;0.01587; 5196 
 15 ; 1 ; 78 ;SAN SIMON DE GUERRERO;0.01660; 5436 
 15 ; 1 ; 79 ;SANTO TOMAS;0.02624; 8592 
 15 ; 1 ; 81 ;SULTEPEC;0.08427; 27592 
 15 ; 1 ; 83 ;TEJUPILCO;0.19743; 64642 
 15 ; 1 ; 87 ;TEMASCALTEPEC;0.09527; 31192 
 15 ; 1 ; 98 ;TEXCALTITLAN;0.05000; 16370 
 15 ; 1 ; 106 ;TLATLAYA;0.11026; 36100 
 15 ; 1 ; 117 ;ZACAZONAPAN;0.01160; 3797 
 15 ; 1 ; 118 ;ZACUALPAN;0.04918; 16101 
 15 ; 1 ; 123 ;LUVIANOS;0.00000; 30390 
;;;;;;;;;;;;;;
;;;;;;;;;;;;;;
 15 ; 2 ; 43 ;IXTLAHUACA;0.35174; 115165 
 15 ; 2 ; 68 ;OTZOLOTEPEC;0.17729; 58047 
 15 ; 2 ; 75 ;SAN FELIPE DEL PROGRESO;0.31278; 102411 
 15 ; 2 ; 88 ;TEMOAYA;0.21298; 69735 
;;;;;;;;;;;;;;
;;;;;;;;;;;;;;
 15 ; 3 ; 1 ;ACAMBAY;0.17833; 58389 
 15 ; 3 ; 3 ;ACULCO;0.11859; 38827 
 15 ; 3 ; 27 ;CHAPA DE MOTA;0.06972; 22828 
 15 ; 3 ; 46 ;JILOTEPEC;0.20871; 68336 
 15 ; 3 ; 48 ;JIQUIPILCO;0.17291; 56614 
 15 ; 3 ; 57 ;MORELOS;0.08238; 26971 
 15 ; 3 ; 72 ;POLOTITLAN;0.03379; 11065 
 15 ; 3 ; 80 ;SOYANIQUILPAN DE JUAREZ;0.03056; 10007 
 15 ; 3 ; 103 ;TIMILPAN;0.04432; 14512 
;;;;;;;;;;;;;;
;;;;;;;;;;;;;;
 15 ; 4 ; 5 ;ALMOLOYA DE JUAREZ;0.33777; 110591 
 15 ; 4 ; 7 ;AMANALCO;0.06443; 21095 
 15 ; 4 ; 33 ;DONATO GUERRA;0.08554; 28006 
 15 ; 4 ; 42 ;IXTAPAN DEL ORO;0.01962; 6425 
 15 ; 4 ; 111 ;VALLE DE BRAVO;0.17524; 57375 
 15 ; 4 ; 112 ;VILLA DE ALLENDE;0.12267; 40164 
 15 ; 4 ; 115 ;VILLA VICTORIA;0.22614; 74043 
;;;;;;;;;;;;;;
;;;;;;;;;;;;;;
 15 ; 5 ; 14 ;ATLACOMULCO;0.23441; 76750 
 15 ; 5 ; 49 ;JOCOTITLAN;0.15875; 51979 
 15 ; 5 ; 65 ;ORO, EL;0.09288; 30411 
 15 ; 5 ; 86 ;TEMASCALCINGO;0.18928; 61974 
 15 ; 5 ; 124 ;SAN JOSE DEL RINCON;0.00000; 74876 
;;;;;;;;;;;;;;
;;;;;;;;;;;;;;
 15 ; 6 ; 6 ;ALMOLOYA DEL RIO;0.02710; 8873 
 15 ; 6 ; 12 ;ATIZAPAN;0.02496; 8172 
 15 ; 6 ; 19 ;CAPULHUAC;0.08799; 28808 
 15 ; 6 ; 44 ;JALATLACO;0.05859; 19182 
 15 ; 6 ; 50 ;JOQUICINGO;0.03274; 10720 
 15 ; 6 ; 53 ;MALINALCO;0.06631; 21712 
 15 ; 6 ; 63 ;OCOYOACAC;0.15162; 49643 
 15 ; 6 ; 64 ;OCUILAN;0.07938; 25989 
 15 ; 6 ; 89 ;TENANCINGO;0.23680; 77531 
 15 ; 6 ; 99 ;TEXCALYACAC;0.01221; 3997 
 15 ; 6 ; 102 ;TIANGUISTENCO;0.17831; 58381 
;;;;;;;;;;;;;;
;;;;;;;;;;;;;;
 15 ; 7 ; 41 ;IXTAPAN DE LA SAL;0.09324; 30529 
 15 ; 7 ; 73 ;RAYON;0.02756; 9024 
 15 ; 7 ; 91 ;TENANGO DEL VALLE;0.19889; 65119 
 15 ; 7 ; 108 ;TONATICO;0.03513; 11502 
 15 ; 7 ; 114 ;VILLA GUERRERO;0.15524; 50829 
 15 ; 7 ; 119 ;ZINACANTEPEC;0.37321; 122193 
 15 ; 7 ; 120 ;ZUMPAHUACAN;0.04695; 15372 
;;;;;;;;;;;;;;
;;;;;;;;;;;;;;
 15 ; 8 ; 10 ;APAXCO;0.07249; 23734 
 15 ; 8 ; 23 ;COYOTEPEC;0.10799; 35358 
 15 ; 8 ; 36 ;HUEHUETOCA;0.11746; 38458 
 15 ; 8 ; 92 ;TEOLOYUCAN;0.20328; 66556 
 15 ; 8 ; 96 ;TEPOTZOTLAN;0.19022; 62280 
 15 ; 8 ; 97 ;TEQUIXQUIAC;0.08572; 28067 
 15 ; 8 ; 113 ;VILLA DEL CARBON;0.11604; 37993 
;;;;;;;;;;;;;;
;;;;;;;;;;;;;;
 15 ; 9 ; 2 ;ACOLMAN;0.19389; 63483 
 15 ; 9 ; 11 ;ATENCO;0.10517; 34435 
 15 ; 9 ; 16 ;AXAPUSCO;0.06266; 20516 
 15 ; 9 ; 29 ;CHIAUTLA;0.05992; 19620 
 15 ; 9 ; 31 ;CHICONCUAC;0.05489; 17972 
 15 ; 9 ; 62 ;NOPALTEPEC;0.02294; 7512 
 15 ; 9 ; 66 ;OTUMBA;0.08887; 29097 
 15 ; 9 ; 70 ;PAPALOTLA;0.01060; 3469 
 15 ; 9 ; 76 ;SAN MARTIN DE LAS PIRAMIDES;0.06015; 19694 
 15 ; 9 ; 85 ;TEMASCALAPA;0.08951; 29307 
 15 ; 9 ; 93 ;TEOTIHUACAN;0.13638; 44653 
 15 ; 9 ; 94 ;TEPETLAOXTOC;0.06942; 22729 
 15 ; 9 ; 101 ;TEZOYUCA;0.05758; 18852 
;;;;;;;;;;;;;;
;;;;;;;;;;;;;;
 15 ; 10 ; 37 ;HUEYPOXTLA;0.10184; 33343 
 15 ; 10 ; 82 ;TECAMAC;0.53125; 173939 
 15 ; 10 ; 121 ;ZUMPANGO;0.30473; 99774 
;;;;;;;;;;;;;;
;;;;;;;;;;;;;;
 15 ; 11 ; 38 ;HUIXQUILUCAN;0.58694; 192174 
 15 ; 11 ; 39 ;ISIDRO FABELA;0.02495; 8168 
 15 ; 11 ; 47 ;JILOTZINGO;0.05214; 17069 
 15 ; 11 ; 52 ;LERMA;0.30502; 99870 
 15 ; 11 ; 116 ;XONACATLAN;0.12645; 41402 
;;;;;;;;;;;;;;
;;;;;;;;;;;;;;
 15 ; 12 ; 18 ;CALIMAYA;0.10750; 35196 
 15 ; 12 ; 28 ;CHAPULTEPEC;0.01752; 5735 
 15 ; 12 ; 55 ;METEPEC;0.59435; 194602 
 15 ; 12 ; 56 ;MEXICALTZINGO;0.02818; 9225 
 15 ; 12 ; 74 ;SAN ANTONIO LA ISLA;0.03152; 10321 
 15 ; 12 ; 77 ;SAN MATEO ATENCO;0.18287; 59877 
;;;;;;;;;;;;;;
;;;;;;;;;;;;;;
 15 ; 13 ; 24 ;CUAUTITLAN;0.23616; 77324 
 15 ; 13 ; 45 ;JALTENCO;0.07909; 25897 
 15 ; 13 ; 54 ;MELCHOR OCAMPO;0.11519; 37716 
 15 ; 13 ; 59 ;NEXTLALPAN;0.05965; 19532 
 15 ; 13 ; 125 ;;0.00000; 6170 
 15 ; 13 ; 901 ;;0.00000; 145433 
;;;;;;;;;;;;;;
;;;;;;;;;;;;;;
 15 ; 14 ; 110 ;TULTITLAN;0.87310; 285867 
;;;;;;;;;;;;;;
;;;;;;;;;;;;;;
 15 ; 15 ; 25 ;CUAUTITLAN-IZCALLI;0.27748; 90851 
 15 ; 15 ; 61 ;NICOLAS ROMERO;0.82491; 270091 
;;;;;;;;;;;;;;
;;;;;;;;;;;;;;
 15 ; 16 ; 25 ;CUAUTITLAN-IZCALLI;1.09945; 359979 
;;;;;;;;;;;;;;
;;;;;;;;;;;;;;
 15 ; 17 ; 32 ;CHIMALHUACAN;0.47552; 155693 
 15 ; 17 ; 100 ;TEXCOCO;0.62411; 204343 
;;;;;;;;;;;;;;
;;;;;;;;;;;;;;
 15 ; 18 ; 32 ;CHIMALHUACAN;1.02206; 334641 
;;;;;;;;;;;;;;
;;;;;;;;;;;;;;
 15 ; 19 ; 34 ;ECATEPEC;0.56086; 183634 
 15 ; 19 ; 900 ;;0.00000; 171975 
;;;;;;;;;;;;;;
;;;;;;;;;;;;;;
 15 ; 20 ; 34 ;ECATEPEC;1.09472; 358432 
;;;;;;;;;;;;;;
;;;;;;;;;;;;;;
 15 ; 21 ; 34 ;ECATEPEC;1.09432; 358298 
;;;;;;;;;;;;;;
;;;;;;;;;;;;;;
 15 ; 22 ; 34 ;ECATEPEC;1.09590; 358816 
;;;;;;;;;;;;;;
;;;;;;;;;;;;;;
 15 ; 23 ; 34 ;ECATEPEC;1.09499; 358518 
;;;;;;;;;;;;;;
;;;;;;;;;;;;;;
 15 ; 24 ; 58 ;NAUCALPAN;0.87088; 285142 
;;;;;;;;;;;;;;
;;;;;;;;;;;;;;
 15 ; 25 ; 58 ;NAUCALPAN;0.87395; 286147 
;;;;;;;;;;;;;;
;;;;;;;;;;;;;;
 15 ; 26 ; 58 ;NAUCALPAN;0.87052; 285025 
;;;;;;;;;;;;;;
;;;;;;;;;;;;;;
 15 ; 27 ; 60 ;NEZAHUALCOYOTL;0.93753; 306963 
;;;;;;;;;;;;;;
;;;;;;;;;;;;;;
 15 ; 28 ; 60 ;NEZAHUALCOYOTL;0.99217; 324853 
;;;;;;;;;;;;;;
;;;;;;;;;;;;;;
 15 ; 29 ; 60 ;NEZAHUALCOYOTL;0.92126; 301638 
;;;;;;;;;;;;;;
;;;;;;;;;;;;;;
 15 ; 30 ; 60 ;NEZAHUALCOYOTL;0.89307; 292407 
;;;;;;;;;;;;;;
;;;;;;;;;;;;;;
 15 ; 31 ; 13 ;ATIZAPAN DE ZARAGOZA;1.06103; 347401 
;;;;;;;;;;;;;;
;;;;;;;;;;;;;;
 15 ; 32 ; 105 ;TLALNEPANTLA;1.02471; 335508 
;;;;;;;;;;;;;;
;;;;;;;;;;;;;;
 15 ; 33 ; 13 ;ATIZAPAN DE ZARAGOZA;0.37497; 122773 
 15 ; 33 ; 105 ;TLALNEPANTLA;0.65534; 214571 
;;;;;;;;;;;;;;
;;;;;;;;;;;;;;
 15 ; 34 ; 107 ;TOLUCA;1.00882; 330304 
;;;;;;;;;;;;;;
;;;;;;;;;;;;;;
 15 ; 35 ; 107 ;TOLUCA;1.02220; 334687 
;;;;;;;;;;;;;;
;;;;;;;;;;;;;;
 15 ; 36 ; 20 ;COACALCO;0.77138; 252562 
 15 ; 36 ; 109 ;TULTEPEC;0.28871; 94529 
;;;;;;;;;;;;;;
;;;;;;;;;;;;;;
 15 ; 37 ; 30 ;CHICOLOAPAN;0.23788; 77887 
 15 ; 37 ; 71 ;PAZ, LA;0.64961; 212694 
;;;;;;;;;;;;;;
;;;;;;;;;;;;;;
 15 ; 38 ; 122 ;VALLE DE CHALCO SOLIDARIDAD;0.98792; 323461 
;;;;;;;;;;;;;;
;;;;;;;;;;;;;;
 15 ; 39 ; 26 ;CHALCO;0.19121; 62607 
 15 ; 39 ; 40 ;IXTAPALUCA;0.90884; 297569 
;;;;;;;;;;;;;;
;;;;;;;;;;;;;;
 15 ; 40 ; 9 ;AMECAMECA;0.13822; 45255 
 15 ; 40 ; 15 ;ATLAUTLA;0.07926; 25950 
 15 ; 40 ; 17 ;AYAPANGO;0.01816; 5947 
 15 ; 40 ; 22 ;COCOTITLAN;0.03121; 10217 
 15 ; 40 ; 26 ;CHALCO;0.47349; 155028 
 15 ; 40 ; 35 ;ECATZINGO;0.02418; 7916 
 15 ; 40 ; 51 ;JUCHITEPEC;0.05793; 18968 
 15 ; 40 ; 69 ;OZUMBA;0.07205; 23592 
 15 ; 40 ; 84 ;TEMAMATLA;0.02700; 8840 
 15 ; 40 ; 90 ;TENANGO DEL AIRE;0.02592; 8486 
 15 ; 40 ; 95 ;TEPETLIXPA;0.05150; 16863 
 15 ; 40 ; 104 ;TLALMANALCO;0.13083; 42833 
