Entidad|Distrito|Distrito_nuevo|Municipio|MUNICIPIO_VIRTUAL|Seccion|SECCION_VIRTUAL
13|1|7|10||162|
13|1|7|10||163|
13|1|7|10||164|
13|1|7|10||165|
13|1|7|10||166|
13|1|7|10||167|
13|1|7|10||168|
13|1|7|10||169|
13|1|7|10||170|
13|1|7|10||171|
13|1|7|10||172|
13|1|7|10||173|
13|1|7|10||174|
13|1|7|10||175|
13|1|7|10||176|
13|1|7|10||177|
13|1|7|13||224|
13|1|7|13||225|
13|1|7|13||226|
13|1|7|13||227|
13|1|7|13||228|
13|1|7|13||229|
13|1|7|13||230|
13|1|7|13||231|
13|1|7|13||232|
13|1|7|13||233|
13|1|7|13||234|
13|1|7|13||235|
13|1|7|13||236|
13|1|7|13||237|
13|1|7|13||238|
13|1|7|13||239|
13|1|7|25||405|
13|1|7|25||406|
13|1|7|25||407|
13|1|7|25||408|
13|1|7|25||409|
13|1|7|25||410|
13|1|7|25||411|
13|1|7|25||412|
13|1|7|25||413|
13|1|7|25||414|
13|1|7|25||415|
13|1|7|25||416|
13|1|7|25||417|
13|1|7|25||418|
13|1|7|25||419|
13|1|7|25||420|
13|1|7|25||421|
13|1|7|25||422|
13|1|7|25||423|
13|1|7|25||424|
13|1|7|25||425|
13|1|7|25||426|
13|1|7|25||427|
13|1|7|25||428|
13|1|7|25||429|
13|1|7|25||430|
13|1|7|26||431|
13|1|7|26||432|
13|1|7|26||433|
13|1|7|26||434|
13|1|7|26||435|
13|1|7|26||436|
13|1|7|26||437|
13|1|7|26||438|
13|1|7|26||439|
13|1|7|26||440|
13|1|7|28||457|
13|1|7|28||458|
13|1|7|28||459|
13|1|7|28||460|
13|1|7|28||461|
13|1|7|28||462|
13|1|7|28||463|
13|1|7|28||464|
13|1|7|28||465|
13|1|7|28||466|
13|1|7|28||467|
13|1|7|28||468|
13|1|7|28||469|
13|1|7|28||470|
13|1|7|28||471|
13|1|7|28||472|
13|1|7|28||473|
13|1|7|28||474|
13|1|7|28||475|
13|1|7|28||476|
13|1|7|28||477|
13|1|7|28||478|
13|1|7|28||479|
13|1|7|28||480|
13|1|7|28||481|
13|1|7|28||482|
13|1|7|28||483|
13|1|7|28||484|
13|1|7|28||485|
13|1|7|28||486|
13|1|7|28||487|
13|1|7|28||488|
13|1|7|28||489|
13|1|7|28||490|
13|1|7|28||491|
13|1|7|28||492|
13|1|7|28||493|
13|1|7|28||494|
13|1|7|28||495|
13|1|7|28||496|
13|1|7|28||497|
13|1|7|28||498|
13|1|7|28||499|
13|1|7|28||500|
13|1|7|28||501|
13|1|7|28||502|
13|1|7|28||503|
13|1|7|28||504|
13|1|7|28||505|
13|1|7|28||506|
13|1|7|28||507|
13|1|7|28||508|
13|1|7|28||509|
13|1|7|32||630|
13|1|7|32||631|
13|1|7|32||632|
13|1|7|32||633|
13|1|7|32||634|
13|1|7|32||635|
13|1|7|32||636|
13|1|7|32||637|
13|1|7|32||638|
13|1|7|32||639|
13|1|7|32||640|
13|1|7|32||641|
13|1|7|35||657|
13|1|7|35||658|
13|1|7|35||659|
13|1|7|35||660|
13|1|7|35||661|
13|1|7|35||662|
13|1|7|35||663|
13|1|7|35||664|
13|1|2|42||765|
13|1|2|42||766|
13|1|2|42||767|
13|1|2|42||768|
13|1|2|42||769|
13|1|2|42||770|
13|1|2|42||771|
13|1|2|42||772|
13|1|2|42||773|
13|1|2|42||774|
13|1|2|42||775|
13|1|2|42||776|
13|1|2|42||777|
13|1|2|42||778|
13|1|2|42||779|
13|1|7|53||1043|
13|1|7|53||1044|
13|1|7|53||1045|
13|1|7|53||1046|
13|1|7|53||1047|
13|1|7|53||1048|
13|1|7|53||1049|
13|1|7|53||1050|
13|1|7|53||1051|
13|1|7|53||1052|
13|1|7|53||1053|
13|1|7|53||1054|
13|1|7|53||1055|
13|1|7|53||1056|
13|1|7|53||1057|
13|1|7|53||1058|
13|1|7|53||1059|
13|1|7|53||1060|
13|1|7|53||1061|
13|1|7|53||1062|
13|1|7|53||1063|
13|1|7|53||1064|
13|1|7|53||1065|
13|1|7|53||1066|
13|1|7|62||1229|
13|1|7|62||1230|
13|1|7|62||1231|
13|1|7|62||1232|
13|1|7|62||1233|
13|1|7|62||1234|
13|1|7|62||1235|
13|1|7|62||1236|
13|1|7|62||1237|
13|1|7|62||1238|
13|1|7|62||1239|
13|1|7|62||1240|
13|1|7|62||1241|
13|1|7|62||1242|
13|1|7|62||1243|
13|1|7|62||1244|
13|1|7|62||1245|
13|1|7|62||1246|
13|1|7|62||1247|
13|1|7|62||1248|
13|1|7|62||1249|
13|1|7|62||1250|
13|1|7|62||1251|
13|1|7|62||1252|
13|1|7|62||1253|
13|1|7|62||1254|
13|1|7|62||1255|
13|1|7|62||1256|
13|1|7|62||1257|
13|1|7|62||1258|
13|1|7|62||1259|
13|1|7|62||1260|
13|1|7|62||1261|
13|1|7|72||1403|
13|1|7|72||1404|
13|1|7|72||1405|
13|1|7|72||1406|
13|1|7|72||1407|
13|1|7|72||1408|
13|1|7|72||1409|
13|1|7|72||1410|
13|1|7|72||1411|
13|1|7|72||1412|
13|1|7|72||1413|
13|1|7|72||1414|
13|1|7|72||1415|
13|1|7|72||1416|
13|1|7|72||1417|
13|1|7|72||1418|
13|1|7|72||1419|
13|1|7|72||1420|
13|1|7|72||1421|
13|1|7|72||1422|
13|1|7|72||1423|
13|1|7|72||1424|
13|1|7|72||1425|
13|1|7|72||1426|
13|1|7|72||1427|
13|1|7|72||1428|
13|1|7|78||1563|
13|1|7|78||1564|
13|1|7|78||1565|
13|1|7|78||1566|
13|1|7|78||1567|
13|1|7|78||1568|
13|1|7|78||1569|
13|1|7|78||1570|
13|1|7|78||1571|
13|1|7|78||1572|
13|1|7|78||1573|
13|1|7|78||1574|
13|1|7|78||1575|
13|1|7|80||1585|
13|1|7|80||1586|
13|1|7|80||1587|
13|1|7|80||1588|
13|1|7|80||1589|
13|1|7|80||1590|
13|1|7|80||1591|
13|1|7|80||1592|
13|1|7|80||1593|
13|1|7|80||1594|
13|1|7|80||1595|
13|1|7|80||1596|
13|1|7|80||1597|
13|1|7|80||1598|
13|1|7|80||1599|
13|2|1|6||92|
13|2|1|6||93|
13|2|1|6||94|
13|2|1|6||95|
13|2|1|6||96|
13|2|1|6||97|
13|2|1|6||98|
13|2|1|6||99|
13|2|1|6||100|
13|2|1|6||101|
13|2|1|6||102|
13|2|1|6||103|
13|2|1|6||104|
13|2|1|6||105|
13|2|1|6||106|
13|2|1|6||107|
13|2|1|6||108|
13|2|1|6||109|
13|2|1|6||110|
13|2|1|6||111|
13|2|1|6||112|
13|2|1|6||113|
13|2|1|14||240|
13|2|1|14||241|
13|2|1|14||242|
13|2|1|14||243|
13|2|1|14||244|
13|2|1|14||245|
13|2|1|14||246|
13|2|1|14||247|
13|2|1|14||248|
13|2|1|14||249|
13|2|1|14||250|
13|2|1|14||251|
13|2|1|14||252|
13|2|1|14||253|
13|2|1|14||254|
13|2|1|14||255|
13|2|1|14||256|
13|2|2|17||291|
13|2|2|17||292|
13|2|2|17||293|
13|2|2|17||294|
13|2|2|17||295|
13|2|2|17||296|
13|2|2|17||297|
13|2|2|17||298|
13|2|2|17||299|
13|2|2|17||300|
13|2|2|17||301|
13|2|2|17||302|
13|2|2|17||303|
13|2|2|17||304|
13|2|2|17||305|
13|2|2|17||306|
13|2|2|17||307|
13|2|2|17||308|
13|2|2|17||309|
13|2|2|17||310|
13|2|2|17||311|
13|2|2|17||312|
13|2|2|17||313|
13|2|2|17||314|
13|2|2|17||315|
13|2|1|18||316|
13|2|1|18||317|
13|2|1|18||318|
13|2|1|18||319|
13|2|1|18||320|
13|2|1|18||321|
13|2|1|18||322|
13|2|1|18||323|
13|2|1|18||324|
13|2|1|18||325|
13|2|1|18||326|
13|2|1|18||327|
13|2|1|18||328|
13|2|1|18||329|
13|2|1|18||330|
13|2|1|29||510|
13|2|1|29||511|
13|2|1|29||512|
13|2|1|29||513|
13|2|1|29||514|
13|2|1|29||515|
13|2|1|29||516|
13|2|1|29||517|
13|2|1|29||518|
13|2|1|29||519|
13|2|1|29||520|
13|2|1|29||521|
13|2|1|29||522|
13|2|1|29||523|
13|2|1|29||524|
13|2|1|29||525|
13|2|1|29||526|
13|2|1|29||527|
13|2|1|29||528|
13|2|1|29||529|
13|2|1|29||530|
13|2|1|29||531|
13|2|1|29||532|
13|2|1|29||533|
13|2|1|29||534|
13|2|1|29||535|
13|2|1|29||536|
13|2|1|29||537|
13|2|1|29||538|
13|2|1|29||539|
13|2|1|29||540|
13|2|1|29||541|
13|2|1|29||542|
13|2|1|29||543|
13|2|1|29||544|
13|2|1|29||545|
13|2|1|29||546|
13|2|1|30||547|
13|2|1|30||548|
13|2|1|30||549|
13|2|1|30||550|
13|2|1|30||551|
13|2|1|30||552|
13|2|1|30||553|
13|2|1|30||554|
13|2|1|30||555|
13|2|1|30||556|
13|2|1|30||557|
13|2|1|30||558|
13|2|1|30||559|
13|2|1|30||560|
13|2|1|30||561|
13|2|1|30||562|
13|2|1|30||563|
13|2|1|30||564|
13|2|1|30||565|
13|2|1|30||566|
13|2|1|30||567|
13|2|1|30||568|
13|2|1|30||569|
13|2|1|30||570|
13|2|1|30||571|
13|2|1|30||572|
13|2|1|30||573|
13|2|1|30||574|
13|2|1|30||575|
13|2|1|30||576|
13|2|1|30||577|
13|2|1|30||578|
13|2|1|30||579|
13|2|1|30||580|
13|2|1|30||581|
13|2|1|30||582|
13|2|1|30||583|
13|2|1|30||584|
13|2|1|30||585|
13|2|1|30||586|
13|2|1|30||587|
13|2|1|30||588|
13|2|1|30||589|
13|2|1|30||590|
13|2|1|30||591|
13|2|1|30||592|
13|2|1|30||593|
13|2|1|30||594|
13|2|1|30||595|
13|2|1|30||596|
13|2|1|30||597|
13|2|1|30||598|
13|2|1|30||599|
13|2|1|30||600|
13|2|1|30||601|
13|2|1|30||602|
13|2|1|30||603|
13|2|1|30||604|
13|2|1|30||605|
13|2|1|30||606|
13|2|1|30||607|
13|2|2|31||608|
13|2|2|31||609|
13|2|2|31||610|
13|2|2|31||611|
13|2|2|31||612|
13|2|2|31||613|
13|2|2|31||614|
13|2|2|31||615|
13|2|2|31||616|
13|2|2|31||617|
13|2|2|31||618|
13|2|2|31||619|
13|2|2|31||620|
13|2|2|31||621|
13|2|2|31||622|
13|2|2|31||623|
13|2|2|31||624|
13|2|2|31||625|
13|2|2|31||626|
13|2|2|31||627|
13|2|2|31||628|
13|2|2|31||629|
13|2|2|34||646|
13|2|2|34||647|
13|2|2|34||648|
13|2|2|34||649|
13|2|2|34||650|
13|2|2|34||651|
13|2|2|34||652|
13|2|2|34||653|
13|2|2|34||654|
13|2|2|34||655|
13|2|2|34||656|
13|2|1|43||780|
13|2|1|43||781|
13|2|1|43||782|
13|2|1|43||783|
13|2|1|43||784|
13|2|1|43||785|
13|2|1|43||786|
13|2|1|43||787|
13|2|1|43||788|
13|2|1|43||789|
13|2|1|43||790|
13|2|1|43||791|
13|2|1|43||792|
13|2|1|43||793|
13|2|1|43||794|
13|2|1|43||795|
13|2|1|43||796|
13|2|1|43||797|
13|2|1|43||798|
13|2|1|43||799|
13|2|1|43||800|
13|2|1|43||801|
13|2|1|46||822|
13|2|1|46||823|
13|2|1|46||824|
13|2|1|46||825|
13|2|1|46||826|
13|2|1|46||827|
13|2|1|46||828|
13|2|1|46||829|
13|2|1|46||830|
13|2|1|46||831|
13|2|2|48||962|
13|2|2|48||963|
13|2|2|48||964|
13|2|2|48||965|
13|2|2|48||966|
13|2|2|48||967|
13|2|2|48||968|
13|2|2|48||969|
13|2|2|48||970|
13|2|2|48||971|
13|2|2|48||972|
13|2|2|48||973|
13|2|2|48||974|
13|2|2|48||975|
13|2|2|48||976|
13|2|2|48||977|
13|2|2|48||978|
13|2|2|48||979|
13|2|2|48||980|
13|2|2|48||981|
13|2|1|58||1132|
13|2|1|58||1133|
13|2|1|58||1134|
13|2|1|58||1135|
13|2|1|58||1136|
13|2|1|58||1137|
13|2|1|58||1138|
13|2|1|58||1139|
13|2|1|58||1140|
13|2|1|58||1141|
13|2|1|58||1142|
13|2|1|58||1143|
13|2|1|58||1144|
13|2|1|58||1145|
13|2|1|58||1146|
13|2|1|58||1147|
13|2|1|58||1148|
13|2|1|58||1149|
13|2|1|58||1150|
13|2|1|58||1151|
13|2|1|59||1152|
13|2|1|59||1153|
13|2|1|59||1154|
13|2|1|59||1155|
13|2|1|59||1156|
13|2|1|59||1157|
13|2|1|59||1158|
13|2|1|59||1159|
13|2|1|59||1160|
13|2|1|59||1161|
13|2|1|59||1162|
13|2|1|59||1163|
13|2|1|59||1164|
13|2|1|59||1165|
13|2|1|59||1166|
13|2|1|59||1167|
13|2|1|59||1168|
13|2|1|59||1169|
13|2|1|59||1170|
13|2|1|59||1171|
13|2|1|59||1172|
13|2|1|59||1173|
13|2|1|59||1174|
13|2|1|59||1175|
13|2|1|59||1176|
13|2|1|84||1644|
13|2|1|84||1645|
13|2|1|84||1646|
13|2|1|84||1647|
13|2|1|84||1648|
13|2|1|84||1649|
13|2|1|84||1650|
13|2|1|84||1651|
13|2|1|84||1652|
13|2|1|84||1653|
13|2|1|84||1654|
13|2|1|84||1655|
13|2|1|84||1656|
13|2|1|84||1657|
13|2|1|84||1658|
13|2|1|84||1659|
13|2|1|84||1660|
13|2|1|84||1661|
13|2|1|84||1662|
13|2|1|84||1663|
13|2|1|84||1664|
13|2|1|84||1665|
13|2|1|84||1666|
13|2|1|84||1667|
13|2|1|84||1668|
13|2|1|84||1669|
13|2|1|84||1670|
13|2|1|84||1671|
13|2|1|84||1672|
13|2|1|84||1673|
13|2|1|84||1674|
13|2|1|84||1675|
13|2|1|84||1676|
13|2|1|84||1677|
13|2|1|84||1678|
13|2|1|84||1679|
13|2|1|84||1680|
13|2|1|84||1681|
13|2|1|84||1682|
13|2|1|84||1683|
13|2|1|84||1684|
13|2|1|84||1685|
13|2|1|84||1686|
13|2|1|84||1687|
13|2|1|84||1688|
13|2|1|84||1689|
13|2|1|84||1690|
13|2|1|84||1691|
13|2|1|84||1692|
13|2|1|84||1693|
13|2|1|84||1694|
13|2|1|84||1695|
13|2|1|84||1696|
13|2|1|84||1697|
13|2|1|84||1698|
13|2|1|84||1699|
13|2|1|84||1700|
13|2|1|84||1701|
13|2|1|84||1702|
13|2|1|84||1703|
13|2|1|84||1704|
13|2|1|84||1705|
13|2|1|84||1706|
13|2|1|84||1707|
13|3|5|3||34|
13|3|5|3||35|
13|3|5|3||36|
13|3|5|3||37|
13|3|5|3||38|
13|3|5|3||39|
13|3|5|3||40|
13|3|5|3||41|
13|3|5|3||42|
13|3|5|3||43|
13|3|5|3||44|
13|3|5|3||45|
13|3|5|3||46|
13|3|5|3||47|
13|3|5|3||48|
13|3|5|3||49|
13|3|5|3||50|
13|3|5|3||51|
13|3|5|3||52|
13|3|5|3||53|
13|3|5|3||54|
13|3|5|3||55|
13|3|5|3||56|
13|3|5|3||57|
13|3|5|3||58|
13|3|5|3||59|
13|3|5|3||60|
13|3|5|3||61|
13|3|5|3||62|
13|3|5|3||63|
13|3|5|3||64|
13|3|5|3||65|
13|3|5|3||66|
13|3|5|3||67|
13|3|5|3||68|
13|3|2|11||178|
13|3|2|11||179|
13|3|2|11||180|
13|3|2|11||181|
13|3|2|11||182|
13|3|2|11||183|
13|3|2|11||184|
13|3|2|11||185|
13|3|2|11||186|
13|3|2|11||187|
13|3|2|11||188|
13|3|2|11||189|
13|3|2|11||190|
13|3|2|11||191|
13|3|2|11||192|
13|3|2|11||193|
13|3|2|11||194|
13|3|2|11||195|
13|3|2|11||196|
13|3|2|11||197|
13|3|2|11||198|
13|3|2|11||199|
13|3|2|11||200|
13|3|2|11||201|
13|3|2|11||202|
13|3|2|11||203|
13|3|2|11||204|
13|3|2|11||205|
13|3|5|19||331|
13|3|5|19||332|
13|3|5|19||333|
13|3|5|19||334|
13|3|5|19||335|
13|3|5|19||336|
13|3|5|19||337|
13|3|5|19||338|
13|3|5|19||339|
13|3|5|19||340|
13|3|5|19||341|
13|3|2|20||342|
13|3|2|20||343|
13|3|2|20||344|
13|3|2|20||345|
13|3|2|20||346|
13|3|2|20||347|
13|3|2|20||348|
13|3|2|20||349|
13|3|5|23||369|
13|3|5|23||370|
13|3|5|23||371|
13|3|5|23||372|
13|3|5|23||373|
13|3|5|23||374|
13|3|5|23||375|
13|3|5|23||376|
13|3|5|23||377|
13|3|5|23||378|
13|3|5|23||379|
13|3|5|23||380|
13|3|5|23||381|
13|3|5|23||382|
13|3|5|23||383|
13|3|5|23||384|
13|3|5|23||385|
13|3|2|33||642|
13|3|2|33||643|
13|3|2|33||644|
13|3|2|33||645|
13|3|2|37||674|
13|3|2|37||675|
13|3|2|37||676|
13|3|2|37||677|
13|3|2|37||678|
13|3|2|37||679|
13|3|2|37||680|
13|3|2|37||681|
13|3|2|37||682|
13|3|2|37||683|
13|3|2|37||684|
13|3|2|37||685|
13|3|2|37||686|
13|3|2|37||687|
13|3|2|37||688|
13|3|2|37||689|
13|3|2|37||690|
13|3|2|37||691|
13|3|2|37||692|
13|3|2|37||693|
13|3|2|37||694|
13|3|2|37||695|
13|3|2|37||696|
13|3|2|37||697|
13|3|2|37||698|
13|3|2|37||699|
13|3|5|41||743|
13|3|5|41||744|
13|3|5|41||745|
13|3|5|41||746|
13|3|5|41||747|
13|3|5|41||748|
13|3|5|41||749|
13|3|5|41||750|
13|3|5|41||751|
13|3|5|41||752|
13|3|5|41||753|
13|3|5|41||754|
13|3|5|41||755|
13|3|5|41||756|
13|3|5|41||757|
13|3|5|41||758|
13|3|5|41||759|
13|3|5|41||760|
13|3|5|41||761|
13|3|5|41||762|
13|3|5|41||763|
13|3|5|41||764|
13|3|1|49||982|
13|3|1|49||983|
13|3|1|49||984|
13|3|1|49||985|
13|3|1|49||986|
13|3|1|49||987|
13|3|1|49||988|
13|3|1|49||989|
13|3|1|49||990|
13|3|1|49||991|
13|3|1|49||992|
13|3|1|49||993|
13|3|2|50||994|
13|3|2|50||995|
13|3|2|50||996|
13|3|2|50||997|
13|3|2|50||998|
13|3|2|50||999|
13|3|2|50||1000|
13|3|2|50||1001|
13|3|2|50||1002|
13|3|2|50||1003|
13|3|2|50||1004|
13|3|2|50||1005|
13|3|2|50||1006|
13|3|2|50||1007|
13|3|1|54||1067|
13|3|1|54||1068|
13|3|1|54||1069|
13|3|1|54||1070|
13|3|1|54||1071|
13|3|1|54||1072|
13|3|1|54||1073|
13|3|1|54||1074|
13|3|1|54||1075|
13|3|1|54||1076|
13|3|1|54||1077|
13|3|1|54||1078|
13|3|1|54||1079|
13|3|1|54||1080|
13|3|1|54||1081|
13|3|1|54||1082|
13|3|1|54||1083|
13|3|1|54||1084|
13|3|1|54||1085|
13|3|1|54||1086|
13|3|1|54||1087|
13|3|1|54||1088|
13|3|1|54||1089|
13|3|1|54||1090|
13|3|1|55||1091|
13|3|1|55||1092|
13|3|1|55||1093|
13|3|1|55||1094|
13|3|1|55||1095|
13|3|1|55||1096|
13|3|1|55||1097|
13|3|1|55||1098|
13|3|1|55||1099|
13|3|1|55||1100|
13|3|1|55||1101|
13|3|1|55||1102|
13|3|1|55||1103|
13|3|1|55||1104|
13|3|1|55||1105|
13|3|1|55||1106|
13|3|1|55||1107|
13|3|1|55||1108|
13|3|1|55||1109|
13|3|7|67||1333|
13|3|7|67||1334|
13|3|7|67||1335|
13|3|7|67||1336|
13|3|7|67||1337|
13|3|7|67||1338|
13|3|7|67||1339|
13|3|7|67||1340|
13|3|7|67||1341|
13|3|7|67||1342|
13|3|7|67||1343|
13|3|7|67||1344|
13|3|7|67||1345|
13|3|7|67||1346|
13|3|7|67||1347|
13|3|7|67||1348|
13|3|2|70||1378|
13|3|2|70||1379|
13|3|2|70||1380|
13|3|2|70||1381|
13|3|2|70||1382|
13|3|2|70||1383|
13|3|2|70||1384|
13|3|2|70||1385|
13|3|2|70||1386|
13|3|2|70||1387|
13|3|2|70||1388|
13|3|2|70||1389|
13|3|2|70||1390|
13|3|2|70||1391|
13|3|2|70||1392|
13|3|2|70||1393|
13|3|2|70||1394|
13|3|2|79||1576|
13|3|2|79||1577|
13|3|2|79||1578|
13|3|2|79||1579|
13|3|2|79||1580|
13|3|2|79||1581|
13|3|2|79||1582|
13|3|2|79||1583|
13|3|2|79||1584|
13|3|2|81||1600|
13|3|2|81||1601|
13|3|2|81||1602|
13|3|2|81||1603|
13|3|2|81||1604|
13|3|2|81||1605|
13|3|2|81||1606|
13|3|2|81||1607|
13|3|2|81||1608|
13|3|2|81||1609|
13|3|2|81||1610|
13|3|2|81||1611|
13|3|2|81||1612|
13|3|2|81||1613|
13|3|2|81||1614|
13|3|2|81||1615|
13|3|2|81||1616|
13|3|2|81||1617|
13|3|2|81||1618|
13|4|2|1||1|
13|4|2|1||2|
13|4|2|1||3|
13|4|2|1||4|
13|4|2|1||5|
13|4|2|1||6|
13|4|2|1||7|
13|4|2|1||8|
13|4|2|1||9|
13|4|2|1||10|
13|4|2|1||11|
13|4|2|1||12|
13|4|2|2||13|
13|4|2|2||14|
13|4|2|2||15|
13|4|2|2||16|
13|4|2|2||17|
13|4|2|2||18|
13|4|2|2||19|
13|4|2|2||20|
13|4|2|2||21|
13|4|2|2||22|
13|4|2|2||23|
13|4|2|2||24|
13|4|2|2||25|
13|4|2|2||26|
13|4|2|2||27|
13|4|2|2||28|
13|4|2|2||29|
13|4|2|2||30|
13|4|2|2||31|
13|4|2|2||32|
13|4|2|2||33|
13|4|2|4||69|
13|4|2|4||70|
13|4|2|4||71|
13|4|2|4||72|
13|4|2|4||73|
13|4|2|4||74|
13|4|2|4||75|
13|4|2|4||76|
13|4|2|4||77|
13|4|2|4||78|
13|4|2|4||79|
13|4|2|4||80|
13|4|2|24||386|
13|4|2|24||387|
13|4|2|24||388|
13|4|2|24||389|
13|4|2|24||390|
13|4|2|24||391|
13|4|2|24||392|
13|4|2|24||393|
13|4|2|24||394|
13|4|2|24||395|
13|4|2|24||396|
13|4|2|24||397|
13|4|2|24||398|
13|4|2|24||399|
13|4|2|24||400|
13|4|2|24||401|
13|4|2|24||402|
13|4|2|24||403|
13|4|2|24||404|
13|4|2|27||441|
13|4|2|27||442|
13|4|2|27||443|
13|4|2|27||444|
13|4|2|27||445|
13|4|2|27||446|
13|4|2|27||447|
13|4|2|27||448|
13|4|2|27||449|
13|4|2|27||450|
13|4|2|27||451|
13|4|2|27||452|
13|4|2|27||453|
13|4|2|27||454|
13|4|2|27||455|
13|4|2|27||456|
13|4|2|36||665|
13|4|2|36||666|
13|4|2|36||667|
13|4|2|36||668|
13|4|2|36||669|
13|4|2|36||670|
13|4|2|36||671|
13|4|2|36||672|
13|4|2|36||673|
13|4|5|45||812|
13|4|5|45||813|
13|4|5|45||814|
13|4|5|45||815|
13|4|5|45||816|
13|4|5|45||817|
13|4|5|45||818|
13|4|5|45||819|
13|4|5|45||820|
13|4|5|45||821|
13|4|2|52||1026|
13|4|2|52||1027|
13|4|2|52||1028|
13|4|2|52||1029|
13|4|2|52||1030|
13|4|2|52||1031|
13|4|2|52||1032|
13|4|2|52||1033|
13|4|2|52||1034|
13|4|2|52||1035|
13|4|2|52||1036|
13|4|2|52||1037|
13|4|2|52||1038|
13|4|2|52||1039|
13|4|2|52||1040|
13|4|2|52||1041|
13|4|2|52||1042|
13|4|3|56||1110|
13|4|3|56||1111|
13|4|3|56||1112|
13|4|3|56||1113|
13|4|3|56||1114|
13|4|3|56||1115|
13|4|3|56||1116|
13|4|3|56||1117|
13|4|3|56||1118|
13|4|3|56||1119|
13|4|3|56||1120|
13|4|2|60||1177|
13|4|2|60||1178|
13|4|2|60||1179|
13|4|2|60||1180|
13|4|2|60||1181|
13|4|2|60||1182|
13|4|2|60||1183|
13|4|2|60||1184|
13|4|2|60||1185|
13|4|2|60||1186|
13|4|2|60||1187|
13|4|2|60||1188|
13|4|2|60||1189|
13|4|2|60||1190|
13|4|3|76||1502|
13|4|3|76||1503|
13|4|3|76||1504|
13|4|3|76||1505|
13|4|3|76||1506|
13|4|3|76||1507|
13|4|3|76||1508|
13|4|3|76||1509|
13|4|3|76||1510|
13|4|3|76||1511|
13|4|3|76||1512|
13|4|3|76||1513|
13|4|3|76||1514|
13|4|3|76||1515|
13|4|3|76||1516|
13|4|3|76||1517|
13|4|3|76||1518|
13|4|3|76||1519|
13|4|3|76||1520|
13|4|3|76||1521|
13|4|3|76||1522|
13|4|3|76||1523|
13|4|3|76||1524|
13|4|3|76||1525|
13|4|3|76||1526|
13|4|3|76||1527|
13|4|3|76||1528|
13|4|3|76||1529|
13|4|3|76||1530|
13|4|3|76||1531|
13|4|3|76||1532|
13|4|3|76||1533|
13|4|3|76||1534|
13|4|3|76||1535|
13|4|3|76||1536|
13|4|3|76||1537|
13|4|3|76||1538|
13|4|3|76||1539|
13|4|3|76||1540|
13|4|3|76||1541|
13|4|3|76||1542|
13|4|3|76||1543|
13|4|3|76||1544|
13|4|3|76||1545|
13|4|3|76||1546|
13|4|3|76||1547|
13|4|3|76||1548|
13|4|3|76||1549|
13|4|3|76||1550|
13|4|3|76||1551|
13|4|3|76||1552|
13|4|3|76||1553|
13|4|3|76||1554|
13|4|3|76||1555|
13|5|5|5||81|
13|5|5|5||82|
13|5|5|5||83|
13|5|5|5||84|
13|5|5|5||85|
13|5|5|5||86|
13|5|5|5||87|
13|5|5|5||88|
13|5|5|5||89|
13|5|5|5||90|
13|5|5|5||91|
13|5|4|9||152|
13|5|4|9||153|
13|5|4|9||154|
13|5|4|9||155|
13|5|4|9||156|
13|5|4|9||157|
13|5|4|9||158|
13|5|4|9||159|
13|5|4|9||160|
13|5|4|9||161|
13|5|4|12||206|
13|5|4|12||207|
13|5|4|12||208|
13|5|4|12||209|
13|5|4|12||210|
13|5|4|12||211|
13|5|4|12||212|
13|5|4|12||213|
13|5|4|12||214|
13|5|4|12||215|
13|5|4|12||216|
13|5|4|12||217|
13|5|4|12||218|
13|5|4|12||219|
13|5|4|12||220|
13|5|4|12||221|
13|5|4|12||222|
13|5|4|12||223|
13|5|4|16||281|
13|5|4|16||282|
13|5|4|16||283|
13|5|4|16||284|
13|5|4|16||285|
13|5|4|16||286|
13|5|4|16||287|
13|5|4|16||288|
13|5|4|16||289|
13|5|4|16||290|
13|5|4|44||802|
13|5|4|44||803|
13|5|4|44||804|
13|5|4|44||805|
13|5|4|44||806|
13|5|4|44||807|
13|5|4|44||808|
13|5|4|44||809|
13|5|4|44||810|
13|5|4|44||811|
13|5|4|63||1262|
13|5|4|63||1263|
13|5|4|63||1264|
13|5|4|63||1265|
13|5|4|63||1266|
13|5|4|63||1267|
13|5|4|63||1268|
13|5|4|63||1269|
13|5|4|63||1270|
13|5|4|63||1271|
13|5|4|63||1272|
13|5|4|63||1273|
13|5|4|63||1274|
13|5|4|63||1275|
13|5|4|63||1276|
13|5|4|63||1277|
13|5|4|63||1278|
13|5|4|63||1279|
13|5|4|63||1280|
13|5|4|63||1281|
13|5|4|63||1282|
13|5|4|63||1283|
13|5|4|63||1284|
13|5|4|63||1285|
13|5|4|63||1286|
13|5|4|63||1287|
13|5|4|63||1288|
13|5|4|63||1289|
13|5|4|63||1290|
13|5|4|63||1291|
13|5|4|63||1292|
13|5|4|63||1293|
13|5|4|63||1294|
13|5|4|64||1295|
13|5|4|64||1296|
13|5|4|64||1297|
13|5|4|64||1298|
13|5|4|64||1299|
13|5|4|64||1300|
13|5|4|64||1301|
13|5|4|64||1302|
13|5|4|65||1303|
13|5|4|65||1304|
13|5|4|65||1305|
13|5|4|65||1306|
13|5|4|65||1307|
13|5|4|65||1308|
13|5|4|65||1309|
13|5|4|66||1310|
13|5|4|66||1311|
13|5|4|66||1312|
13|5|4|66||1313|
13|5|4|66||1314|
13|5|4|66||1315|
13|5|4|66||1316|
13|5|4|66||1317|
13|5|4|66||1318|
13|5|4|66||1319|
13|5|4|66||1320|
13|5|4|66||1321|
13|5|4|66||1322|
13|5|4|66||1323|
13|5|4|66||1324|
13|5|4|66||1325|
13|5|4|66||1326|
13|5|4|66||1327|
13|5|4|66||1328|
13|5|4|66||1329|
13|5|4|66||1330|
13|5|4|66||1331|
13|5|4|66||1332|
13|5|4|69||1369|
13|5|4|69||1370|
13|5|4|69||1371|
13|5|4|69||1372|
13|5|4|69||1373|
13|5|4|69||1374|
13|5|4|69||1375|
13|5|4|69||1376|
13|5|4|69||1377|
13|5|4|73||1429|
13|5|4|73||1430|
13|5|4|73||1431|
13|5|4|73||1432|
13|5|4|73||1433|
13|5|4|73||1434|
13|5|4|73||1435|
13|5|4|73||1436|
13|5|4|73||1437|
13|5|4|73||1438|
13|5|4|73||1439|
13|5|4|73||1440|
13|5|4|75||1449|
13|5|4|75||1450|
13|5|4|75||1451|
13|5|4|75||1452|
13|5|4|75||1453|
13|5|4|75||1454|
13|5|4|75||1455|
13|5|4|75||1456|
13|5|4|75||1457|
13|5|4|75||1458|
13|5|4|75||1459|
13|5|4|75||1460|
13|5|4|75||1461|
13|5|4|75||1462|
13|5|4|75||1463|
13|5|4|75||1464|
13|5|4|75||1465|
13|5|4|75||1466|
13|5|4|75||1467|
13|5|4|75||1468|
13|5|4|75||1469|
13|5|4|75||1470|
13|5|4|75||1471|
13|5|4|75||1472|
13|5|4|75||1473|
13|5|4|75||1474|
13|5|4|75||1475|
13|5|4|75||1476|
13|5|4|75||1477|
13|5|4|75||1478|
13|5|4|75||1479|
13|5|4|75||1480|
13|5|4|75||1481|
13|5|4|75||1482|
13|5|4|75||1483|
13|5|4|75||1484|
13|5|4|75||1485|
13|5|4|75||1486|
13|5|4|75||1487|
13|5|4|75||1488|
13|5|4|75||1489|
13|5|4|75||1490|
13|5|4|75||1491|
13|5|4|75||1492|
13|5|4|75||1493|
13|5|4|75||1494|
13|5|4|75||1495|
13|5|4|75||1496|
13|5|4|75||1497|
13|5|4|75||1498|
13|5|4|75||1499|
13|5|4|75||1500|
13|5|4|75||1501|
13|6|5|38||700|
13|6|5|38||701|
13|6|5|38||702|
13|6|5|38||703|
13|6|5|38||704|
13|6|5|38||705|
13|6|5|38||706|
13|6|5|38||707|
13|6|5|38||708|
13|6|5|38||709|
13|6|5|38||710|
13|6|5|38||711|
13|6|5|38||712|
13|6|5|39||713|
13|6|5|39||714|
13|6|5|39||715|
13|6|5|39||716|
13|6|5|39||717|
13|6|5|39||718|
13|6|5|39||719|
13|6|5|39||720|
13|6|5|39||721|
13|6|5|39||722|
13|6|5|39||723|
13|6|5|39||724|
13|6|6|40||725|
13|6|6|40||726|
13|6|6|40||727|
13|6|6|40||728|
13|6|6|40||729|
13|6|6|40||730|
13|6|6|40||731|
13|6|6|40||732|
13|6|6|40||733|
13|6|6|40||734|
13|6|6|40||735|
13|6|6|40||736|
13|6|6|40||737|
13|6|6|40||738|
13|6|6|40||739|
13|6|6|40||740|
13|6|6|40||741|
13|6|6|40||742|
13|6|6|47||832|
13|6|6|47||833|
13|6|6|47||834|
13|6|6|47||835|
13|6|6|47||836|
13|6|6|47||837|
13|6|6|47||838|
13|6|6|47||839|
13|6|6|47||840|
13|6|6|47||841|
13|6|6|47||842|
13|6|6|47||843|
13|6|6|47||844|
13|6|6|47||845|
13|6|6|47||846|
13|6|6|47||847|
13|6|6|47||848|
13|6|6|47||849|
13|6|6|47||850|
13|6|6|47||851|
13|6|6|47||852|
13|6|6|47||853|
13|6|6|47||854|
13|6|6|47||855|
13|6|6|47||856|
13|6|6|47||857|
13|6|6|47||858|
13|6|6|47||859|
13|6|6|47||860|
13|6|6|47||861|
13|6|6|47||862|
13|6|6|47||863|
13|6|6|47||864|
13|6|6|47||865|
13|6|6|47||866|
13|6|6|47||867|
13|6|6|47||868|
13|6|6|47||869|
13|6|6|47||870|
13|6|6|47||871|
13|6|6|47||872|
13|6|6|47||873|
13|6|6|47||874|
13|6|6|47||875|
13|6|6|47||876|
13|6|6|47||877|
13|6|6|47||878|
13|6|6|47||879|
13|6|6|47||880|
13|6|6|47||881|
13|6|6|47||882|
13|6|6|47||883|
13|6|6|47||884|
13|6|6|47||885|
13|6|6|47||886|
13|6|6|47||887|
13|6|6|47||888|
13|6|6|47||889|
13|6|6|47||890|
13|6|6|47||891|
13|6|6|47||892|
13|6|6|47||893|
13|6|6|47||894|
13|6|6|47||895|
13|6|6|47||896|
13|6|6|47||897|
13|6|6|47||898|
13|6|6|47||899|
13|6|6|47||900|
13|6|6|47||901|
13|6|6|47||902|
13|6|6|47||903|
13|6|6|47||904|
13|6|6|47||905|
13|6|6|47||906|
13|6|6|47||907|
13|6|6|47||908|
13|6|6|47||909|
13|6|6|47||910|
13|6|6|47||911|
13|6|6|47||912|
13|6|6|47||913|
13|6|6|47||914|
13|6|6|47||915|
13|6|6|47||916|
13|6|6|47||917|
13|6|6|47||918|
13|6|6|47||919|
13|6|6|47||920|
13|6|6|47||921|
13|6|6|47||922|
13|6|6|47||923|
13|6|6|47||924|
13|6|6|47||925|
13|6|6|47||926|
13|6|6|47||927|
13|6|6|47||928|
13|6|6|47||929|
13|6|6|47||930|
13|6|6|47||931|
13|6|6|47||932|
13|6|6|47||933|
13|6|6|47||934|
13|6|6|47||935|
13|6|6|47||936|
13|6|6|47||937|
13|6|6|47||938|
13|6|6|47||939|
13|6|6|47||940|
13|6|6|47||941|
13|6|6|47||942|
13|6|6|47||943|
13|6|6|47||944|
13|6|6|47||945|
13|6|6|47||946|
13|6|6|47||947|
13|6|6|47||948|
13|6|6|47||949|
13|6|6|47||950|
13|6|6|47||951|
13|6|6|47||952|
13|6|6|47||953|
13|6|6|47||954|
13|6|6|47||955|
13|6|6|47||956|
13|6|6|47||957|
13|6|6|47||958|
13|6|6|47||959|
13|6|6|47||960|
13|6|6|47||961|
13|6|5|51||1008|
13|6|5|51||1009|
13|6|5|51||1010|
13|6|5|51||1011|
13|6|5|51||1012|
13|6|5|51||1013|
13|6|5|51||1014|
13|6|5|51||1015|
13|6|5|51||1016|
13|6|5|51||1017|
13|6|5|51||1018|
13|6|5|51||1019|
13|6|5|51||1020|
13|6|5|51||1021|
13|6|5|51||1022|
13|6|5|51||1023|
13|6|5|51||1024|
13|6|5|51||1025|
13|7|3|7||114|
13|7|3|7||115|
13|7|3|7||116|
13|7|3|7||117|
13|7|3|7||118|
13|7|3|7||119|
13|7|3|7||120|
13|7|3|7||121|
13|7|3|7||122|
13|7|3|7||123|
13|7|3|7||124|
13|7|3|7||125|
13|7|3|7||126|
13|7|3|8||127|
13|7|3|8||128|
13|7|3|8||129|
13|7|3|8||130|
13|7|3|8||131|
13|7|3|8||132|
13|7|3|8||133|
13|7|3|8||134|
13|7|3|8||135|
13|7|3|8||136|
13|7|3|8||137|
13|7|3|8||138|
13|7|3|8||139|
13|7|3|8||140|
13|7|3|8||141|
13|7|3|8||142|
13|7|3|8||143|
13|7|3|8||144|
13|7|3|8||145|
13|7|3|8||146|
13|7|3|8||147|
13|7|3|8||148|
13|7|3|8||149|
13|7|3|8||150|
13|7|3|8||151|
13|7|3|15||257|
13|7|3|15||258|
13|7|3|15||259|
13|7|3|15||260|
13|7|3|15||261|
13|7|3|15||262|
13|7|3|15||263|
13|7|3|15||264|
13|7|3|15||265|
13|7|3|15||266|
13|7|3|15||267|
13|7|3|15||268|
13|7|3|15||269|
13|7|3|15||270|
13|7|3|15||271|
13|7|3|15||272|
13|7|3|15||273|
13|7|3|15||274|
13|7|3|15||275|
13|7|3|15||276|
13|7|3|15||277|
13|7|3|15||278|
13|7|3|15||279|
13|7|3|15||280|
13|7|3|21||350|
13|7|3|21||351|
13|7|3|21||352|
13|7|3|21||353|
13|7|3|21||354|
13|7|3|21||355|
13|7|3|21||356|
13|7|3|21||357|
13|7|5|22||358|
13|7|5|22||359|
13|7|5|22||360|
13|7|5|22||361|
13|7|5|22||362|
13|7|5|22||363|
13|7|5|22||364|
13|7|5|22||365|
13|7|5|22||366|
13|7|5|22||367|
13|7|5|22||368|
13|7|3|57||1121|
13|7|3|57||1122|
13|7|3|57||1123|
13|7|3|57||1124|
13|7|3|57||1125|
13|7|3|57||1126|
13|7|3|57||1127|
13|7|3|57||1128|
13|7|3|57||1129|
13|7|3|57||1130|
13|7|3|57||1131|
13|7|3|61||1191|
13|7|3|61||1192|
13|7|3|61||1193|
13|7|3|61||1194|
13|7|3|61||1195|
13|7|3|61||1196|
13|7|3|61||1197|
13|7|3|61||1198|
13|7|3|61||1199|
13|7|3|61||1200|
13|7|3|61||1201|
13|7|3|61||1202|
13|7|3|61||1203|
13|7|3|61||1204|
13|7|3|61||1205|
13|7|3|61||1206|
13|7|3|61||1207|
13|7|3|61||1208|
13|7|3|61||1209|
13|7|3|61||1210|
13|7|3|61||1211|
13|7|3|61||1212|
13|7|3|61||1213|
13|7|3|61||1214|
13|7|3|61||1215|
13|7|3|61||1216|
13|7|3|61||1217|
13|7|3|61||1218|
13|7|3|61||1219|
13|7|3|61||1220|
13|7|3|61||1221|
13|7|3|61||1222|
13|7|3|61||1223|
13|7|3|61||1224|
13|7|3|61||1225|
13|7|3|61||1226|
13|7|3|61||1227|
13|7|3|61||1228|
13|7|5|68||1349|
13|7|5|68||1350|
13|7|5|68||1351|
13|7|5|68||1352|
13|7|5|68||1353|
13|7|5|68||1354|
13|7|5|68||1355|
13|7|5|68||1356|
13|7|5|68||1357|
13|7|5|68||1358|
13|7|5|68||1359|
13|7|5|68||1360|
13|7|5|68||1361|
13|7|5|68||1362|
13|7|5|68||1363|
13|7|5|68||1364|
13|7|5|68||1365|
13|7|5|68||1366|
13|7|5|68||1367|
13|7|5|68||1368|
13|7|5|71||1395|
13|7|5|71||1396|
13|7|5|71||1397|
13|7|5|71||1398|
13|7|5|71||1399|
13|7|5|71||1400|
13|7|5|71||1401|
13|7|5|71||1402|
13|7|5|74||1441|
13|7|5|74||1442|
13|7|5|74||1443|
13|7|5|74||1444|
13|7|5|74||1445|
13|7|5|74||1446|
13|7|5|74||1447|
13|7|5|74||1448|
13|7|5|77||1556|
13|7|5|77||1557|
13|7|5|77||1558|
13|7|5|77||1559|
13|7|5|77||1560|
13|7|5|77||1561|
13|7|5|77||1562|
13|7|5|82||1619|
13|7|5|82||1620|
13|7|5|82||1621|
13|7|5|82||1622|
13|7|5|82||1623|
13|7|5|82||1624|
13|7|5|82||1625|
13|7|5|82||1626|
13|7|5|83||1627|
13|7|5|83||1628|
13|7|5|83||1629|
13|7|5|83||1630|
13|7|5|83||1631|
13|7|5|83||1632|
13|7|5|83||1633|
13|7|5|83||1634|
13|7|5|83||1635|
13|7|5|83||1636|
13|7|5|83||1637|
13|7|5|83||1638|
13|7|5|83||1639|
13|7|5|83||1640|
13|7|5|83||1641|
13|7|5|83||1642|
13|7|5|83||1643|
