Entidad|Distrito|Distrito_nuevo|Municipio|MUNICIPIO_VIRTUAL|Seccion|SECCION_VIRTUAL
12|1|3|3||411|
12|1|3|3||412|
12|1|3|3||413|
12|1|3|3||414|
12|1|3|3||415|
12|1|3|3||416|
12|1|3|3||417|
12|1|3|3||418|
12|1|3|3||419|
12|1|3|3||420|
12|1|3|3||421|
12|1|3|3||422|
12|1|3|3||423|
12|1|3|3||424|
12|1|3|3||425|
12|1|3|3||426|
12|1|3|3||427|
12|1|3|3||428|
12|1|3|3||429|
12|1|3|3||430|
12|1|3|3||431|
12|1|3|3||432|
12|1|3|3||433|
12|1|3|3||434|
12|1|3|3||435|
12|1|3|3||436|
12|1|3|3||437|
12|1|3|3||438|
12|1|3|3||439|
12|1|3|3||440|
12|1|3|3||441|
12|1|3|3||442|
12|1|3|3||443|
12|1|3|3||444|
12|1|3|3||445|
12|1|3|3||446|
12|1|3|3||447|
12|1|3|3||448|
12|1|3|3||449|
12|1|3|3||450|
12|1|3|3||451|
12|1|3|3||452|
12|1|3|3||453|
12|1|3|3||454|
12|1|3|3||455|
12|1|3|7||500|
12|1|3|7||501|
12|1|3|7||502|
12|1|3|7||503|
12|1|3|7||504|
12|1|3|7||505|
12|1|3|7||506|
12|1|3|7||507|
12|1|3|7||508|
12|1|3|7||509|
12|1|3|7||510|
12|1|3|7||511|
12|1|3|7||512|
12|1|3|7||513|
12|1|3|7||514|
12|1|3|7||515|
12|1|3|7||516|
12|1|3|7||517|
12|1|3|7||518|
12|1|3|7||519|
12|1|3|7||520|
12|1|3|7||521|
12|1|3|7||522|
12|1|3|7||523|
12|1|3|7||524|
12|1|3|7||525|
12|1|3|7||526|
12|1|3|7||527|
12|1|3|7||528|
12|1|3|7||529|
12|1|3|7||530|
12|1|3|7||531|
12|1|3|7||532|
12|1|3|7||533|
12|1|3|7||534|
12|1|3|7||535|
12|1|3|7||536|
12|1|3|7||537|
12|1|3|7||538|
12|1|3|7||539|
12|1|3|7||540|
12|1|3|7||541|
12|1|3|7||542|
12|1|3|7||543|
12|1|3|7||544|
12|1|3|7||545|
12|1|3|7||546|
12|1|3|7||547|
12|1|3|7||548|
12|1|3|7||549|
12|1|3|7||550|
12|1|3|7||551|
12|1|3|7||552|
12|1|2|22||943|
12|1|2|22||944|
12|1|2|22||945|
12|1|2|22||946|
12|1|2|22||947|
12|1|2|22||948|
12|1|2|22||949|
12|1|2|22||950|
12|1|2|22||951|
12|1|2|22||952|
12|1|2|22||953|
12|1|2|22||954|
12|1|2|22||955|
12|1|2|22||956|
12|1|2|22||957|
12|1|2|22||958|
12|1|2|22||959|
12|1|2|22||960|
12|1|2|22||961|
12|1|2|22||962|
12|1|2|22||963|
12|1|2|22||964|
12|1|2|22||965|
12|1|2|22||966|
12|1|2|22||967|
12|1|2|22||968|
12|1|2|22||969|
12|1|2|22||970|
12|1|2|22||971|
12|1|2|22||972|
12|1|2|22||973|
12|1|2|22||974|
12|1|2|22||975|
12|1|2|22||976|
12|1|2|22||977|
12|1|2|22||978|
12|1|2|22||979|
12|1|2|22||980|
12|1|2|22||981|
12|1|2|22||982|
12|1|2|22||983|
12|1|2|22||984|
12|1|2|22||985|
12|1|2|22||986|
12|1|2|22||987|
12|1|2|22||988|
12|1|2|22||989|
12|1|2|22||990|
12|1|2|22||991|
12|1|2|22||992|
12|1|2|22||993|
12|1|2|22||994|
12|1|2|22||995|
12|1|2|22||996|
12|1|2|22||997|
12|1|2|22||998|
12|1|2|22||999|
12|1|2|22||1000|
12|1|2|27||1067|
12|1|2|27||1068|
12|1|2|27||1069|
12|1|2|27||1070|
12|1|2|27||1071|
12|1|2|27||1072|
12|1|2|27||1073|
12|1|2|27||1074|
12|1|2|27||1075|
12|1|2|27||1076|
12|1|2|27||1077|
12|1|2|27||1078|
12|1|2|27||1079|
12|1|2|27||1080|
12|1|2|27||1081|
12|1|2|27||1082|
12|1|2|27||1083|
12|1|2|27||1084|
12|1|2|27||1085|
12|1|2|27||1086|
12|1|2|27||1087|
12|1|2|27||1088|
12|1|2|27||1089|
12|1|2|27||1090|
12|1|2|27||1091|
12|1|2|27||1092|
12|1|2|27||1093|
12|1|2|27||1094|
12|1|2|27||1095|
12|1|2|27||1096|
12|1|2|27||1097|
12|1|2|27||1098|
12|1|2|27||1099|
12|1|2|27||1100|
12|1|2|27||1101|
12|1|2|27||1102|
12|1|2|27||1103|
12|1|2|27||1104|
12|1|2|27||1105|
12|1|2|27||1106|
12|1|2|27||1107|
12|1|2|27||1108|
12|1|2|27||1109|
12|1|2|27||1110|
12|1|2|27||1111|
12|1|2|51||1950|
12|1|2|51||1951|
12|1|2|51||1952|
12|1|2|51||1953|
12|1|2|51||1954|
12|1|2|51||1955|
12|1|2|51||1956|
12|1|2|51||1957|
12|1|2|51||1958|
12|1|2|51||1959|
12|1|2|51||1960|
12|1|2|51||1961|
12|1|2|51||1962|
12|1|2|51||1963|
12|1|2|51||1964|
12|1|2|51||1965|
12|1|2|51||1966|
12|1|2|51||1967|
12|1|2|51||1968|
12|1|2|51||1969|
12|1|2|51||1970|
12|1|2|51||1971|
12|1|2|51||1972|
12|1|3|55||2092|
12|1|3|55||2093|
12|1|3|55||2094|
12|1|3|55||2095|
12|1|3|55||2096|
12|1|3|55||2097|
12|1|3|55||2098|
12|1|3|55||2099|
12|1|3|55||2100|
12|1|3|55||2101|
12|1|3|55||2102|
12|1|3|55||2103|
12|1|3|55||2104|
12|1|3|55||2105|
12|1|3|55||2106|
12|1|3|55||2107|
12|1|3|55||2108|
12|1|3|55||2109|
12|1|3|55||2110|
12|1|3|55||2111|
12|1|3|55||2112|
12|1|3|55||2113|
12|1|3|55||2114|
12|1|3|55||2115|
12|1|3|55||2116|
12|1|3|55||2117|
12|1|3|55||2118|
12|1|3|55||2119|
12|1|3|55||2120|
12|1|3|55||2121|
12|1|3|55||2122|
12|1|3|55||2123|
12|1|3|55||2124|
12|1|3|55||2125|
12|1|3|55||2126|
12|1|3|55||2127|
12|1|3|55||2128|
12|1|3|55||2129|
12|1|3|55||2130|
12|1|3|55||2131|
12|1|3|55||2132|
12|1|3|55||2133|
12|1|3|65||2533|
12|1|3|65||2534|
12|1|3|65||2535|
12|1|3|65||2536|
12|1|3|65||2537|
12|1|3|65||2538|
12|1|3|65||2539|
12|1|3|65||2540|
12|1|3|65||2541|
12|1|3|65||2542|
12|1|3|65||2543|
12|1|3|65||2544|
12|1|3|65||2545|
12|1|3|65||2546|
12|1|3|65||2547|
12|1|3|65||2548|
12|1|3|65||2549|
12|1|3|65||2550|
12|1|3|65||2551|
12|1|3|65||2552|
12|1|3|65||2553|
12|1|2|68||2600|
12|1|2|68||2601|
12|1|2|68||2602|
12|1|2|68||2603|
12|1|2|68||2604|
12|1|2|68||2605|
12|1|2|68||2606|
12|1|2|68||2607|
12|1|2|68||2608|
12|1|2|68||2609|
12|1|2|68||2610|
12|1|2|68||2611|
12|1|2|68||2612|
12|1|2|68||2613|
12|1|2|68||2614|
12|1|2|68||2615|
12|1|2|68||2616|
12|1|2|68||2617|
12|1|2|68||2618|
12|1|2|68||2619|
12|1|2|68||2620|
12|1|2|68||2621|
12|1|2|74||2725|
12|1|2|74||2726|
12|1|2|74||2727|
12|1|2|74||2728|
12|1|2|74||2729|
12|1|2|74||2730|
12|1|2|74||2731|
12|1|2|74||2732|
12|1|2|74||2733|
12|1|2|74||2734|
12|1|2|74||2735|
12|1|2|74||2736|
12|1|2|74||2737|
12|1|2|74||2738|
12|1|2|74||2739|
12|1|2|74||2740|
12|1|2|74||2741|
12|1|2|74||2742|
12|1|2|74||2743|
12|1|2|74||2744|
12|1|2|74||2745|
12|1|2|74||2746|
12|1|2|74||2747|
12|1|2|74||2748|
12|1|2|74||2749|
12|1|2|74||2750|
12|1|2|74||2751|
12|2|3|6||479|
12|2|3|6||480|
12|2|3|6||481|
12|2|3|6||482|
12|2|3|6||483|
12|2|3|6||484|
12|2|3|6||485|
12|2|3|6||486|
12|2|3|6||487|
12|2|3|6||488|
12|2|3|6||489|
12|2|3|6||490|
12|2|3|6||491|
12|2|3|6||492|
12|2|3|6||493|
12|2|3|6||494|
12|2|3|6||495|
12|2|3|6||496|
12|2|3|6||497|
12|2|3|6||498|
12|2|3|6||499|
12|2|1|15||778|
12|2|1|15||779|
12|2|1|15||780|
12|2|1|15||781|
12|2|1|15||782|
12|2|1|15||783|
12|2|1|15||784|
12|2|1|15||785|
12|2|1|15||786|
12|2|1|15||787|
12|2|1|15||788|
12|2|6|17||820|
12|2|6|17||821|
12|2|6|17||822|
12|2|6|17||823|
12|2|6|17||824|
12|2|6|17||825|
12|2|6|17||826|
12|2|6|17||827|
12|2|6|17||828|
12|2|6|17||829|
12|2|6|17||830|
12|2|6|17||831|
12|2|6|17||832|
12|2|6|17||833|
12|2|6|17||834|
12|2|6|17||835|
12|2|6|17||836|
12|2|6|17||837|
12|2|6|17||838|
12|2|6|17||839|
12|2|6|17||840|
12|2|6|17||841|
12|2|6|17||842|
12|2|6|17||843|
12|2|3|26||1050|
12|2|3|26||1051|
12|2|3|26||1052|
12|2|3|26||1053|
12|2|3|26||1054|
12|2|3|26||1055|
12|2|3|26||1056|
12|2|3|26||1057|
12|2|3|26||1058|
12|2|3|26||1059|
12|2|3|26||1060|
12|2|3|26||1061|
12|2|3|26||1062|
12|2|3|26||1063|
12|2|3|26||1064|
12|2|3|26||1065|
12|2|3|26||1066|
12|2|3|32||1358|
12|2|3|32||1359|
12|2|3|32||1360|
12|2|3|32||1361|
12|2|3|32||1362|
12|2|3|32||1363|
12|2|3|32||1364|
12|2|3|32||1365|
12|2|3|32||1366|
12|2|3|32||1367|
12|2|3|32||1368|
12|2|3|32||1369|
12|2|3|32||1370|
12|2|3|32||1371|
12|2|3|32||1372|
12|2|3|32||1373|
12|2|3|32||1374|
12|2|3|32||1375|
12|2|3|32||1376|
12|2|3|32||1377|
12|2|3|32||1378|
12|2|3|32||1379|
12|2|3|32||1380|
12|2|3|32||1381|
12|2|3|38||1576|
12|2|3|38||1577|
12|2|3|38||1578|
12|2|3|38||1579|
12|2|3|38||1580|
12|2|3|38||1581|
12|2|3|38||1582|
12|2|3|38||1583|
12|2|3|38||1584|
12|2|3|38||1585|
12|2|3|38||1586|
12|2|3|38||1587|
12|2|3|38||1588|
12|2|3|48||1847|
12|2|3|48||1848|
12|2|3|48||1849|
12|2|3|48||1850|
12|2|3|48||1851|
12|2|3|48||1852|
12|2|3|48||1853|
12|2|3|48||1854|
12|2|3|48||1855|
12|2|3|48||1856|
12|2|3|48||1857|
12|2|3|48||1858|
12|2|3|48||1859|
12|2|3|48||1860|
12|2|3|48||1861|
12|2|3|48||1862|
12|2|3|48||1863|
12|2|3|48||1864|
12|2|3|48||1865|
12|2|3|48||1866|
12|2|3|48||1867|
12|2|3|48||1868|
12|2|3|48||1869|
12|2|3|48||1870|
12|2|3|48||1871|
12|2|3|48||1872|
12|2|3|48||1873|
12|2|3|48||1874|
12|2|6|50||1933|
12|2|6|50||1934|
12|2|6|50||1935|
12|2|6|50||1936|
12|2|6|50||1937|
12|2|6|50||1938|
12|2|6|50||1939|
12|2|6|50||1940|
12|2|6|50||1941|
12|2|6|50||1942|
12|2|6|50||1943|
12|2|6|50||1944|
12|2|6|50||1945|
12|2|6|50||1946|
12|2|6|50||1947|
12|2|6|50||1948|
12|2|6|50||1949|
12|2|6|56||2134|
12|2|6|56||2135|
12|2|6|56||2136|
12|2|6|56||2137|
12|2|6|56||2138|
12|2|6|56||2139|
12|2|6|56||2140|
12|2|6|56||2141|
12|2|6|56||2142|
12|2|6|56||2143|
12|2|6|56||2144|
12|2|6|56||2145|
12|2|6|56||2146|
12|2|6|56||2147|
12|2|6|56||2148|
12|2|6|56||2149|
12|2|6|56||2150|
12|2|6|56||2151|
12|2|6|56||2152|
12|2|6|56||2153|
12|2|6|56||2154|
12|2|6|56||2155|
12|2|6|56||2156|
12|2|6|56||2157|
12|2|6|56||2158|
12|2|6|56||2159|
12|2|6|56||2160|
12|2|6|56||2161|
12|2|6|56||2162|
12|2|6|56||2163|
12|2|6|56||2164|
12|2|6|56||2165|
12|2|6|56||2166|
12|2|6|56||2167|
12|2|6|56||2168|
12|2|6|56||2169|
12|2|6|56||2170|
12|2|6|56||2171|
12|2|6|56||2172|
12|2|6|56||2173|
12|2|6|56||2174|
12|2|6|56||2175|
12|2|6|56||2176|
12|2|6|56||2177|
12|2|6|56||2178|
12|2|6|56||2179|
12|2|6|56||2180|
12|2|6|56||2181|
12|2|6|56||2182|
12|2|6|56||2183|
12|2|6|56||2184|
12|2|6|56||2185|
12|2|6|56||2186|
12|2|6|56||2187|
12|2|6|56||2188|
12|2|6|56||2189|
12|2|6|56||2190|
12|2|6|56||2191|
12|2|6|56||2192|
12|2|6|56||2193|
12|2|6|56||2194|
12|2|6|56||2195|
12|2|6|56||2196|
12|2|6|56||2197|
12|2|6|56||2198|
12|2|6|56||2199|
12|2|6|56||2200|
12|2|6|56||2201|
12|2|6|56||2202|
12|2|6|56||2203|
12|2|6|56||2204|
12|2|6|56||2205|
12|2|6|56||2206|
12|2|6|56||2207|
12|2|6|56||2208|
12|2|6|56||2209|
12|2|6|56||2210|
12|2|6|56||2211|
12|2|6|56||2212|
12|2|6|56||2213|
12|2|6|56||2214|
12|2|6|56||2215|
12|2|6|56||2216|
12|2|6|56||2217|
12|2|6|56||2218|
12|2|6|56||2219|
12|2|6|56||2220|
12|2|6|56||2221|
12|2|6|56||2222|
12|2|3|59||2331|
12|2|3|59||2332|
12|2|3|59||2333|
12|2|3|59||2334|
12|2|3|59||2335|
12|2|3|59||2336|
12|2|3|59||2337|
12|2|3|59||2338|
12|2|3|59||2339|
12|2|3|59||2340|
12|2|3|59||2341|
12|2|3|59||2342|
12|2|3|59||2343|
12|2|3|59||2344|
12|2|3|59||2345|
12|2|3|59||2346|
12|2|3|59||2347|
12|2|3|59||2348|
12|2|3|59||2349|
12|2|3|59||2350|
12|2|3|59||2351|
12|2|3|59||2352|
12|2|3|59||2353|
12|2|3|59||2354|
12|2|3|59||2355|
12|2|3|59||2356|
12|2|3|59||2357|
12|2|3|59||2358|
12|2|3|59||2359|
12|2|3|59||2360|
12|2|3|59||2361|
12|2|3|59||2362|
12|2|3|59||2363|
12|2|3|59||2364|
12|2|3|59||2365|
12|2|3|59||2366|
12|2|3|59||2367|
12|2|3|59||2368|
12|2|3|59||2369|
12|2|3|59||2370|
12|2|3|59||2371|
12|2|3|59||2372|
12|2|3|59||2373|
12|2|3|59||2374|
12|2|3|59||2375|
12|2|3|59||2376|
12|2|3|59||2377|
12|2|3|59||2378|
12|2|3|59||2379|
12|2|3|59||2380|
12|2|3|59||2381|
12|2|3|59||2382|
12|2|3|59||2383|
12|2|3|59||2384|
12|2|3|59||2385|
12|2|3|59||2386|
12|2|3|59||2387|
12|2|3|59||2388|
12|2|3|59||2389|
12|2|3|59||2390|
12|2|3|59||2391|
12|2|3|59||2392|
12|2|3|59||2393|
12|2|3|59||2394|
12|2|3|59||2395|
12|2|3|59||2396|
12|2|3|59||2397|
12|2|3|59||2398|
12|2|3|59||2399|
12|2|3|59||2400|
12|2|3|59||2401|
12|2|3|59||2402|
12|2|3|59||2403|
12|2|3|59||2404|
12|2|3|59||2405|
12|2|3|59||2406|
12|2|3|59||2407|
12|2|3|59||2408|
12|2|3|59||2409|
12|2|3|59||2410|
12|2|3|59||2411|
12|2|3|59||2412|
12|2|3|59||2413|
12|2|3|59||2414|
12|2|3|59||2415|
12|2|3|59||2416|
12|2|3|59||2417|
12|2|3|59||2418|
12|2|3|59||2419|
12|2|6|61||2451|
12|2|6|61||2452|
12|2|6|61||2453|
12|2|6|61||2454|
12|2|6|61||2455|
12|2|6|61||2456|
12|2|6|61||2457|
12|2|6|61||2458|
12|2|6|61||2459|
12|2|6|61||2460|
12|2|6|61||2461|
12|2|6|61||2462|
12|2|6|61||2463|
12|2|6|61||2464|
12|2|6|61||2465|
12|2|6|61||2466|
12|2|6|61||2467|
12|2|6|61||2468|
12|2|6|61||2469|
12|2|6|61||2470|
12|2|6|61||2471|
12|2|6|61||2472|
12|2|6|61||2473|
12|2|6|61||2474|
12|2|6|61||2475|
12|2|6|61||2476|
12|2|6|61||2477|
12|2|6|61||2478|
12|3|4|11||596|
12|3|4|11||597|
12|3|4|11||598|
12|3|4|11||599|
12|3|4|11||600|
12|3|4|11||601|
12|3|4|11||602|
12|3|4|11||603|
12|3|4|11||604|
12|3|4|11||605|
12|3|4|11||606|
12|3|4|11||607|
12|3|4|11||608|
12|3|4|11||609|
12|3|4|11||610|
12|3|4|11||611|
12|3|4|11||612|
12|3|4|11||613|
12|3|4|11||614|
12|3|4|11||615|
12|3|4|11||616|
12|3|4|11||617|
12|3|4|11||618|
12|3|4|11||619|
12|3|4|11||620|
12|3|4|11||621|
12|3|4|11||622|
12|3|4|11||623|
12|3|4|11||624|
12|3|4|11||625|
12|3|4|11||626|
12|3|4|11||627|
12|3|4|11||628|
12|3|4|11||629|
12|3|4|11||630|
12|3|4|11||631|
12|3|4|11||632|
12|3|4|11||633|
12|3|4|11||634|
12|3|4|11||635|
12|3|4|11||636|
12|3|4|11||637|
12|3|4|11||638|
12|3|4|11||639|
12|3|4|11||640|
12|3|4|11||641|
12|3|4|11||642|
12|3|4|11||643|
12|3|4|11||644|
12|3|4|11||645|
12|3|4|11||646|
12|3|4|11||647|
12|3|4|11||648|
12|3|4|11||649|
12|3|4|11||650|
12|3|4|11||651|
12|3|4|11||652|
12|3|4|11||653|
12|3|4|11||654|
12|3|4|11||655|
12|3|4|11||656|
12|3|4|11||657|
12|3|4|11||658|
12|3|4|11||659|
12|3|4|11||660|
12|3|4|11||661|
12|3|4|11||662|
12|3|4|11||663|
12|3|4|11||664|
12|3|4|11||665|
12|3|4|11||666|
12|3|4|11||667|
12|3|4|11||668|
12|3|4|11||669|
12|3|4|11||670|
12|3|4|14||763|
12|3|4|14||764|
12|3|4|14||765|
12|3|4|14||766|
12|3|4|14||767|
12|3|4|14||768|
12|3|4|14||769|
12|3|4|14||770|
12|3|4|14||771|
12|3|4|14||772|
12|3|4|14||773|
12|3|4|14||774|
12|3|4|14||775|
12|3|4|14||776|
12|3|4|14||777|
12|3|2|16||789|
12|3|2|16||790|
12|3|2|16||791|
12|3|2|16||792|
12|3|2|16||793|
12|3|2|16||794|
12|3|2|16||795|
12|3|2|16||796|
12|3|2|16||797|
12|3|2|16||798|
12|3|2|16||799|
12|3|2|16||800|
12|3|2|16||801|
12|3|2|16||802|
12|3|2|16||803|
12|3|2|16||804|
12|3|2|16||805|
12|3|2|16||806|
12|3|2|16||807|
12|3|2|16||808|
12|3|2|16||809|
12|3|2|16||810|
12|3|2|16||811|
12|3|2|16||812|
12|3|2|16||813|
12|3|2|16||814|
12|3|2|16||815|
12|3|2|16||816|
12|3|2|16||817|
12|3|2|16||818|
12|3|2|16||819|
12|3|2|39||1589|
12|3|2|39||1590|
12|3|2|39||1591|
12|3|2|39||1592|
12|3|2|39||1593|
12|3|2|39||1594|
12|3|2|39||1595|
12|3|2|39||1596|
12|3|2|39||1597|
12|3|2|39||1598|
12|3|2|39||1599|
12|3|2|39||1600|
12|3|2|39||1601|
12|3|2|39||1602|
12|3|2|39||1603|
12|3|2|39||1604|
12|3|2|39||1605|
12|3|2|39||1606|
12|3|2|39||1607|
12|3|2|39||1608|
12|3|2|39||1609|
12|3|2|39||1610|
12|3|2|39||1611|
12|3|2|39||1612|
12|3|2|39||1613|
12|3|2|39||1614|
12|3|2|39||1615|
12|3|2|39||1616|
12|3|2|39||1617|
12|3|2|39||1618|
12|3|2|39||1619|
12|3|2|39||1620|
12|3|2|39||1621|
12|3|2|39||1622|
12|3|2|39||1623|
12|3|2|39||1624|
12|3|2|39||1625|
12|3|2|39||1626|
12|3|2|39||1627|
12|3|2|39||1628|
12|3|2|39||1629|
12|3|2|39||1630|
12|3|2|39||1631|
12|3|2|39||1632|
12|3|2|39||1633|
12|3|2|39||1634|
12|3|2|39||1635|
12|3|2|39||1636|
12|3|2|39||1637|
12|3|2|39||1638|
12|3|2|39||1639|
12|3|2|39||1640|
12|3|2|39||1641|
12|3|2|39||1642|
12|3|2|39||1643|
12|3|2|39||1644|
12|3|2|39||1645|
12|3|2|39||1646|
12|3|2|39||1647|
12|3|2|39||1648|
12|3|2|39||1649|
12|3|2|39||1650|
12|3|2|39||1651|
12|3|2|39||1652|
12|3|2|39||1653|
12|3|2|49||1875|
12|3|2|49||1876|
12|3|2|49||1877|
12|3|2|49||1878|
12|3|2|49||1879|
12|3|2|49||1880|
12|3|2|49||1881|
12|3|2|49||1882|
12|3|2|49||1883|
12|3|2|49||1884|
12|3|2|49||1885|
12|3|2|49||1886|
12|3|2|49||1887|
12|3|2|49||1888|
12|3|2|49||1889|
12|3|2|49||1890|
12|3|2|49||1891|
12|3|2|49||1892|
12|3|2|49||1893|
12|3|2|49||1894|
12|3|2|49||1895|
12|3|2|49||1896|
12|3|2|49||1897|
12|3|2|49||1898|
12|3|2|49||1899|
12|3|2|49||1900|
12|3|2|49||1901|
12|3|2|49||1902|
12|3|2|49||1903|
12|3|2|49||1904|
12|3|2|49||1905|
12|3|2|49||1906|
12|3|2|49||1907|
12|3|2|49||1908|
12|3|2|49||1909|
12|3|2|49||1910|
12|3|2|49||1911|
12|3|2|49||1912|
12|3|2|49||1913|
12|3|2|49||1914|
12|3|2|49||1915|
12|3|2|49||1916|
12|3|2|49||1917|
12|3|2|49||1918|
12|3|2|49||1919|
12|3|2|49||1920|
12|3|2|49||1921|
12|3|2|49||1922|
12|3|2|49||1923|
12|3|2|49||1924|
12|3|2|49||1925|
12|3|2|49||1926|
12|3|2|49||1927|
12|3|2|49||1928|
12|3|2|49||1929|
12|3|2|49||1930|
12|3|2|49||1931|
12|3|2|49||1932|
12|3|3|58||2262|
12|3|3|58||2263|
12|3|3|58||2264|
12|3|3|58||2265|
12|3|3|58||2266|
12|3|3|58||2267|
12|3|3|58||2268|
12|3|3|58||2269|
12|3|3|58||2270|
12|3|3|58||2271|
12|3|3|58||2272|
12|3|3|58||2273|
12|3|3|58||2274|
12|3|3|58||2275|
12|3|3|58||2276|
12|3|3|58||2277|
12|3|3|58||2278|
12|3|3|58||2279|
12|3|3|58||2280|
12|3|3|58||2281|
12|3|3|58||2282|
12|3|3|58||2283|
12|3|3|58||2284|
12|3|3|58||2285|
12|3|3|58||2286|
12|3|3|58||2287|
12|3|3|58||2288|
12|3|3|58||2289|
12|3|3|58||2290|
12|3|3|58||2291|
12|3|3|58||2292|
12|3|3|58||2293|
12|3|3|58||2294|
12|3|3|58||2295|
12|3|3|58||2296|
12|3|3|58||2297|
12|3|3|58||2298|
12|3|3|58||2299|
12|3|3|58||2300|
12|3|3|58||2301|
12|3|3|58||2302|
12|3|3|58||2303|
12|3|3|58||2304|
12|3|3|58||2305|
12|3|3|58||2306|
12|3|3|58||2307|
12|3|3|58||2308|
12|3|3|58||2309|
12|3|3|58||2310|
12|3|3|58||2311|
12|3|3|58||2312|
12|3|3|58||2313|
12|3|3|58||2314|
12|3|3|58||2315|
12|3|3|58||2316|
12|3|3|58||2317|
12|3|3|58||2318|
12|3|3|58||2319|
12|3|3|58||2320|
12|3|3|58||2321|
12|3|3|58||2322|
12|3|3|58||2323|
12|3|3|58||2324|
12|3|3|58||2325|
12|3|3|58||2326|
12|3|3|58||2327|
12|3|3|58||2328|
12|3|3|58||2329|
12|3|3|58||2330|
12|3|2|69||2622|
12|3|2|69||2623|
12|3|2|69||2624|
12|3|2|69||2625|
12|3|2|69||2626|
12|3|2|69||2627|
12|3|2|69||2628|
12|3|2|69||2629|
12|3|2|69||2630|
12|3|2|69||2631|
12|3|2|69||2632|
12|3|2|69||2633|
12|3|2|69||2634|
12|3|2|69||2635|
12|3|2|69||2636|
12|3|2|69||2637|
12|3|2|69||2638|
12|3|2|69||2639|
12|3|2|69||2640|
12|3|2|69||2641|
12|3|2|69||2642|
12|3|2|69||2643|
12|3|2|69||2644|
12|3|2|69||2645|
12|3|2|69||2646|
12|3|2|69||2647|
12|3|2|69||2648|
12|3|2|69||2649|
12|3|2|69||2650|
12|3|2|69||2651|
12|3|2|69||2652|
12|3|2|69||2653|
12|3|2|69||2654|
12|4|1|8||553|
12|4|1|8||554|
12|4|1|8||555|
12|4|1|8||556|
12|4|1|8||557|
12|4|1|8||558|
12|4|1|8||559|
12|4|1|8||560|
12|4|1|8||561|
12|4|1|8||562|
12|4|1|8||563|
12|4|1|19||858|
12|4|1|19||859|
12|4|1|19||860|
12|4|1|19||861|
12|4|1|19||862|
12|4|1|19||863|
12|4|1|19||864|
12|4|1|19||865|
12|4|1|19||866|
12|4|1|19||867|
12|4|6|30||1309|
12|4|6|30||1310|
12|4|6|30||1311|
12|4|6|30||1312|
12|4|6|30||1313|
12|4|6|30||1314|
12|4|6|30||1315|
12|4|6|30||1316|
12|4|6|30||1317|
12|4|6|30||1318|
12|4|6|30||1319|
12|4|6|30||1320|
12|4|6|30||1321|
12|4|6|30||1322|
12|4|6|30||1323|
12|4|6|30||1324|
12|4|6|30||1325|
12|4|6|30||1326|
12|4|6|30||1327|
12|4|6|30||1328|
12|4|6|30||1329|
12|4|6|30||1330|
12|4|6|30||1331|
12|4|6|30||1332|
12|4|6|30||1333|
12|4|6|30||1334|
12|4|6|30||1335|
12|4|6|30||1336|
12|4|6|30||1337|
12|4|6|30||1338|
12|4|3|33||1382|
12|4|3|33||1383|
12|4|3|33||1384|
12|4|3|33||1385|
12|4|3|33||1386|
12|4|3|33||1387|
12|4|3|33||1388|
12|4|3|33||1389|
12|4|3|33||1390|
12|4|3|33||1391|
12|4|3|33||1392|
12|4|3|33||1393|
12|4|3|33||1394|
12|4|3|33||1395|
12|4|3|33||1396|
12|4|3|33||1397|
12|4|3|33||1398|
12|4|3|33||1399|
12|4|3|33||1400|
12|4|3|33||1401|
12|4|3|33||1402|
12|4|3|33||1403|
12|4|3|33||1404|
12|4|3|33||1405|
12|4|3|33||1406|
12|4|3|33||1407|
12|4|3|33||1408|
12|4|3|33||1409|
12|4|3|33||1410|
12|4|3|33||1411|
12|4|3|33||1412|
12|4|3|33||1413|
12|4|3|33||1414|
12|4|3|33||1415|
12|4|3|33||1416|
12|4|3|33||1417|
12|4|3|33||1418|
12|4|3|33||1419|
12|4|3|33||1420|
12|4|3|33||1421|
12|4|3|33||1422|
12|4|3|33||1423|
12|4|3|33||1424|
12|4|3|33||1425|
12|4|3|33||1426|
12|4|3|33||1427|
12|4|3|33||1428|
12|4|3|33||1429|
12|4|3|33||1430|
12|4|3|33||1431|
12|4|1|35||1444|
12|4|1|35||1445|
12|4|1|35||1446|
12|4|1|35||1447|
12|4|1|35||1448|
12|4|1|35||1449|
12|4|1|35||1450|
12|4|1|35||1451|
12|4|1|35||1452|
12|4|1|35||1453|
12|4|1|35||1454|
12|4|1|35||1455|
12|4|1|35||1456|
12|4|1|35||1457|
12|4|1|35||1458|
12|4|1|35||1459|
12|4|1|35||1460|
12|4|1|35||1461|
12|4|1|35||1462|
12|4|1|35||1463|
12|4|1|35||1464|
12|4|1|35||1465|
12|4|1|35||1466|
12|4|1|35||1467|
12|4|1|35||1468|
12|4|1|35||1469|
12|4|1|35||1470|
12|4|1|35||1471|
12|4|1|35||1472|
12|4|1|35||1473|
12|4|1|35||1474|
12|4|1|35||1475|
12|4|1|35||1476|
12|4|1|35||1477|
12|4|1|35||1478|
12|4|1|35||1479|
12|4|6|36||1480|
12|4|6|36||1481|
12|4|6|36||1482|
12|4|6|36||1483|
12|4|6|36||1484|
12|4|6|36||1485|
12|4|6|36||1486|
12|4|6|36||1487|
12|4|6|36||1488|
12|4|6|36||1489|
12|4|6|36||1490|
12|4|6|36||1491|
12|4|6|36||1492|
12|4|6|36||1493|
12|4|6|36||1494|
12|4|6|36||1495|
12|4|6|36||1496|
12|4|6|36||1497|
12|4|6|36||1498|
12|4|6|36||1499|
12|4|6|36||1500|
12|4|6|36||1501|
12|4|6|36||1502|
12|4|6|36||1503|
12|4|6|36||1504|
12|4|6|36||1505|
12|4|6|36||1506|
12|4|6|36||1507|
12|4|6|36||1508|
12|4|6|36||1509|
12|4|6|36||1510|
12|4|6|36||1511|
12|4|6|36||1512|
12|4|6|36||1513|
12|4|6|36||1514|
12|4|6|36||1515|
12|4|6|36||1516|
12|4|6|36||1517|
12|4|6|36||1518|
12|4|6|36||1519|
12|4|6|36||1520|
12|4|6|36||1521|
12|4|6|36||1522|
12|4|6|36||1523|
12|4|6|36||1524|
12|4|6|36||1525|
12|4|6|36||1526|
12|4|6|36||1527|
12|4|6|36||1528|
12|4|6|36||1529|
12|4|6|36||1530|
12|4|6|36||1531|
12|4|6|36||1532|
12|4|6|36||1533|
12|4|6|36||1534|
12|4|6|36||1535|
12|4|6|36||1536|
12|4|6|36||1537|
12|4|6|36||1538|
12|4|6|36||1539|
12|4|6|36||1540|
12|4|6|36||1541|
12|4|6|36||1542|
12|4|6|36||1543|
12|4|6|36||1544|
12|4|6|36||1545|
12|4|6|36||1546|
12|4|6|36||1547|
12|4|6|36||1548|
12|4|6|36||1549|
12|4|6|36||1550|
12|4|6|36||1551|
12|4|6|36||1552|
12|4|6|36||1553|
12|4|6|36||1554|
12|4|6|36||1555|
12|4|6|36||1556|
12|4|6|36||1557|
12|4|6|36||1558|
12|4|6|36||1559|
12|4|6|36||1560|
12|4|6|36||1561|
12|4|6|36||1562|
12|4|6|36||1563|
12|4|6|36||1564|
12|4|6|60||2420|
12|4|6|60||2421|
12|4|6|60||2422|
12|4|6|60||2423|
12|4|6|60||2424|
12|4|6|60||2425|
12|4|6|60||2426|
12|4|6|60||2427|
12|4|6|60||2428|
12|4|6|60||2429|
12|4|6|60||2430|
12|4|6|60||2431|
12|4|6|60||2432|
12|4|6|60||2433|
12|4|6|60||2434|
12|4|6|60||2435|
12|4|6|60||2436|
12|4|6|60||2437|
12|4|6|60||2438|
12|4|6|60||2439|
12|4|6|60||2440|
12|4|6|60||2441|
12|4|6|60||2442|
12|4|6|60||2443|
12|4|6|60||2444|
12|4|6|60||2445|
12|4|6|60||2446|
12|4|6|60||2447|
12|4|6|60||2448|
12|4|6|60||2449|
12|4|6|60||2450|
12|5|9|4||456|
12|5|9|4||457|
12|5|9|4||458|
12|5|9|4||459|
12|5|9|4||460|
12|5|9|4||461|
12|5|9|4||462|
12|5|9|4||463|
12|5|9|4||464|
12|5|9|4||465|
12|5|9|4||466|
12|5|9|4||467|
12|5|9|4||468|
12|5|9|4||469|
12|5|9|4||470|
12|5|9|4||471|
12|5|9|4||472|
12|5|9|4||473|
12|5|9|5||474|
12|5|9|5||475|
12|5|9|5||476|
12|5|9|5||477|
12|5|9|5||478|
12|5|9|9||564|
12|5|9|9||565|
12|5|9|9||566|
12|5|9|9||567|
12|5|9|9||568|
12|5|9|9||569|
12|5|9|9||570|
12|5|9|9||571|
12|5|9|9||572|
12|5|9|20||868|
12|5|9|20||869|
12|5|9|20||870|
12|5|9|20||871|
12|5|9|20||872|
12|5|9|20||873|
12|5|9|20||874|
12|5|9|20||875|
12|5|9|20||876|
12|5|9|20||877|
12|5|9|20||878|
12|5|9|20||879|
12|5|9|20||880|
12|5|9|20||881|
12|5|9|20||882|
12|5|1|24||1030|
12|5|1|24||1031|
12|5|1|24||1032|
12|5|1|24||1033|
12|5|1|24||1034|
12|5|1|24||1035|
12|5|1|24||1036|
12|5|1|34||1432|
12|5|1|34||1433|
12|5|1|34||1434|
12|5|1|34||1435|
12|5|1|34||1436|
12|5|1|34||1437|
12|5|1|34||1438|
12|5|1|34||1439|
12|5|1|34||1440|
12|5|1|34||1441|
12|5|1|34||1442|
12|5|1|34||1443|
12|5|9|37||1763|
12|5|9|42||1699|
12|5|9|42||1700|
12|5|9|42||1701|
12|5|9|42||1702|
12|5|9|42||1703|
12|5|9|42||1704|
12|5|9|42||1705|
12|5|9|42||1706|
12|5|9|42||1707|
12|5|9|42||1708|
12|5|9|42||1709|
12|5|9|42||1710|
12|5|9|42||1711|
12|5|9|42||1712|
12|5|9|42||1713|
12|5|9|42||1714|
12|5|9|42||1715|
12|5|9|42||1716|
12|5|9|42||1717|
12|5|9|42||1718|
12|5|9|44||1735|
12|5|9|44||1736|
12|5|9|44||1737|
12|5|9|44||1738|
12|5|9|44||1739|
12|5|9|44||1740|
12|5|9|44||1741|
12|5|9|44||1742|
12|5|9|44||1743|
12|5|9|44||1744|
12|5|9|44||1745|
12|5|9|44||1746|
12|5|9|44||1747|
12|5|9|44||1748|
12|5|9|44||1749|
12|5|9|44||1750|
12|5|9|44||1751|
12|5|9|44||1752|
12|5|9|44||1753|
12|5|9|44||1754|
12|5|9|44||1755|
12|5|9|44||1756|
12|5|9|44||1757|
12|5|9|44||1758|
12|5|9|44||1759|
12|5|9|44||1760|
12|5|9|44||1761|
12|5|9|44||1762|
12|5|1|46||1784|
12|5|1|46||1785|
12|5|1|46||1786|
12|5|1|46||1787|
12|5|1|46||1788|
12|5|1|46||1789|
12|5|1|46||1790|
12|5|1|46||1791|
12|5|1|46||1792|
12|5|1|46||1793|
12|5|1|46||1794|
12|5|1|46||1795|
12|5|1|46||1796|
12|5|1|46||1797|
12|5|1|46||1798|
12|5|1|46||1799|
12|5|1|46||1800|
12|5|1|46||1801|
12|5|1|46||1802|
12|5|1|46||1803|
12|5|1|46||1804|
12|5|1|46||1805|
12|5|1|46||1806|
12|5|1|46||1807|
12|5|1|46||1808|
12|5|9|64||2523|
12|5|9|64||2524|
12|5|9|64||2525|
12|5|9|64||2526|
12|5|9|64||2527|
12|5|9|64||2528|
12|5|9|64||2529|
12|5|9|64||2530|
12|5|9|64||2531|
12|5|9|64||2532|
12|5|9|66||2554|
12|5|9|66||2555|
12|5|9|66||2556|
12|5|9|66||2557|
12|5|9|66||2558|
12|5|9|66||2559|
12|5|9|66||2560|
12|5|9|66||2561|
12|5|9|67||2562|
12|5|9|67||2563|
12|5|9|67||2564|
12|5|9|67||2565|
12|5|9|67||2566|
12|5|9|67||2567|
12|5|9|67||2568|
12|5|9|67||2569|
12|5|9|67||2570|
12|5|9|67||2571|
12|5|9|67||2572|
12|5|9|67||2573|
12|5|9|67||2574|
12|5|9|67||2575|
12|5|9|67||2576|
12|5|9|67||2577|
12|5|9|67||2578|
12|5|9|67||2579|
12|5|9|67||2580|
12|5|9|67||2581|
12|5|9|67||2582|
12|5|9|67||2583|
12|5|9|67||2584|
12|5|9|67||2585|
12|5|9|67||2586|
12|5|9|67||2587|
12|5|9|67||2588|
12|5|9|67||2589|
12|5|9|67||2590|
12|5|9|67||2591|
12|5|9|67||2592|
12|5|9|67||2593|
12|5|9|67||2594|
12|5|9|67||2595|
12|5|9|67||2596|
12|5|9|67||2597|
12|5|9|67||2598|
12|5|9|67||2599|
12|5|9|70||2655|
12|5|9|70||2656|
12|5|9|70||2657|
12|5|9|70||2658|
12|5|9|70||2659|
12|5|9|70||2660|
12|5|9|70||2661|
12|5|9|70||2662|
12|5|9|70||2663|
12|5|9|70||2664|
12|5|9|70||2665|
12|5|9|70||2666|
12|5|9|70||2667|
12|5|9|70||2668|
12|5|1|71||2669|
12|5|1|71||2670|
12|5|1|71||2671|
12|5|1|71||2672|
12|5|1|71||2673|
12|5|1|71||2674|
12|5|1|71||2675|
12|5|1|71||2676|
12|5|1|71||2677|
12|6|1|2||384|
12|6|1|2||385|
12|6|1|2||386|
12|6|1|2||387|
12|6|1|2||388|
12|6|1|2||389|
12|6|1|2||390|
12|6|1|2||391|
12|6|1|2||392|
12|6|1|2||393|
12|6|1|2||394|
12|6|1|2||395|
12|6|1|2||396|
12|6|1|2||397|
12|6|1|2||398|
12|6|1|2||399|
12|6|1|2||400|
12|6|1|2||401|
12|6|1|2||402|
12|6|1|2||403|
12|6|1|2||404|
12|6|1|2||405|
12|6|1|2||406|
12|6|1|2||407|
12|6|1|2||408|
12|6|1|2||409|
12|6|1|2||410|
12|6|9|10||573|
12|6|9|10||574|
12|6|9|10||575|
12|6|9|10||576|
12|6|9|10||577|
12|6|9|10||578|
12|6|9|10||579|
12|6|9|10||580|
12|6|9|10||581|
12|6|9|10||582|
12|6|9|10||583|
12|6|9|10||584|
12|6|9|10||585|
12|6|9|10||586|
12|6|9|10||587|
12|6|9|10||588|
12|6|9|10||589|
12|6|9|10||590|
12|6|9|10||591|
12|6|9|10||592|
12|6|9|10||593|
12|6|9|10||594|
12|6|9|10||595|
12|6|1|28||1112|
12|6|1|28||1113|
12|6|1|28||1114|
12|6|1|28||1115|
12|6|1|28||1116|
12|6|1|28||1117|
12|6|1|28||1118|
12|6|1|28||1119|
12|6|1|28||1120|
12|6|1|28||1121|
12|6|1|28||1122|
12|6|1|28||1123|
12|6|1|28||1124|
12|6|1|28||1125|
12|6|1|28||1126|
12|6|1|28||1127|
12|6|1|28||1128|
12|6|1|28||1129|
12|6|1|28||1130|
12|6|1|28||1131|
12|6|1|28||1132|
12|6|1|28||1133|
12|6|1|28||1134|
12|6|1|28||1135|
12|6|1|28||1136|
12|6|1|28||1137|
12|6|1|28||1138|
12|6|1|28||1139|
12|6|1|28||1140|
12|6|1|28||1141|
12|6|1|28||1142|
12|6|1|28||1143|
12|6|1|28||1144|
12|6|1|28||1145|
12|6|1|28||1146|
12|6|1|28||1147|
12|6|1|28||1148|
12|6|1|28||1149|
12|6|1|28||1150|
12|6|1|28||1151|
12|6|1|28||1152|
12|6|1|28||1153|
12|6|1|28||1154|
12|6|1|28||1155|
12|6|1|28||1156|
12|6|1|28||1157|
12|6|1|28||1158|
12|6|1|28||1159|
12|6|1|28||1160|
12|6|1|28||1161|
12|6|1|28||1162|
12|6|1|28||1163|
12|6|1|28||1164|
12|6|1|28||1165|
12|6|1|28||1166|
12|6|1|28||1167|
12|6|1|28||1168|
12|6|1|28||1169|
12|6|1|28||1170|
12|6|1|28||1171|
12|6|1|28||1172|
12|6|1|28||1173|
12|6|1|28||1174|
12|6|1|28||1175|
12|6|1|28||1176|
12|6|1|28||1177|
12|6|1|28||1178|
12|6|1|28||1179|
12|6|1|28||1180|
12|6|1|28||1181|
12|6|1|28||1182|
12|6|1|28||1183|
12|6|1|28||1184|
12|6|1|28||1186|
12|6|1|28||1187|
12|6|1|28||1188|
12|6|1|28||1189|
12|6|1|28||1193|
12|6|1|28||1194|
12|6|1|28||1197|
12|6|1|28||1200|
12|6|1|28||1201|
12|6|1|28||1202|
12|6|1|28||1203|
12|6|1|43||1719|
12|6|1|43||1720|
12|6|1|43||1721|
12|6|1|43||1722|
12|6|1|43||1723|
12|6|1|43||1724|
12|6|1|43||1725|
12|6|1|43||1726|
12|6|1|43||1727|
12|6|1|43||1728|
12|6|1|43||1729|
12|6|1|43||1730|
12|6|1|43||1731|
12|6|1|43||1732|
12|6|1|43||1733|
12|6|1|43||1734|
12|6|1|45||1764|
12|6|1|45||1765|
12|6|1|45||1766|
12|6|1|45||1767|
12|6|1|45||1768|
12|6|1|45||1769|
12|6|1|45||1770|
12|6|1|45||1771|
12|6|1|45||1772|
12|6|1|45||1773|
12|6|1|45||1774|
12|6|1|45||1775|
12|6|1|45||1776|
12|6|1|45||1777|
12|6|1|45||1778|
12|6|1|45||1779|
12|6|1|45||1780|
12|6|1|45||1781|
12|6|1|45||1782|
12|6|1|45||1783|
12|6|1|52||1973|
12|6|1|52||1974|
12|6|1|52||1975|
12|6|1|52||1976|
12|6|1|52||1977|
12|6|1|52||1978|
12|6|1|52||1979|
12|6|1|52||1980|
12|6|1|52||1981|
12|6|1|52||1982|
12|6|1|52||1983|
12|6|1|52||1984|
12|6|1|52||1985|
12|6|1|52||1986|
12|6|1|52||1987|
12|6|1|52||1988|
12|6|1|52||1989|
12|6|1|52||1990|
12|6|1|52||1991|
12|6|1|52||1992|
12|6|1|52||1993|
12|6|1|52||1994|
12|6|1|52||1995|
12|6|1|52||1996|
12|6|1|52||1997|
12|6|1|52||1998|
12|6|1|52||1999|
12|6|1|52||2000|
12|6|1|52||2001|
12|6|1|52||2002|
12|6|1|52||2003|
12|6|1|52||2004|
12|6|1|52||2005|
12|6|1|52||2006|
12|6|1|52||2007|
12|6|1|52||2008|
12|6|1|52||2009|
12|6|1|52||2010|
12|6|1|52||2011|
12|6|1|52||2012|
12|6|1|52||2013|
12|6|1|52||2014|
12|6|1|62||2479|
12|6|1|62||2480|
12|6|1|62||2481|
12|6|1|62||2482|
12|6|1|62||2483|
12|6|1|62||2484|
12|6|1|62||2485|
12|6|1|62||2486|
12|6|1|62||2487|
12|6|1|62||2488|
12|6|1|62||2489|
12|6|1|62||2490|
12|6|1|62||2491|
12|6|1|62||2492|
12|6|1|62||2493|
12|6|1|62||2494|
12|6|1|62||2495|
12|6|1|62||2496|
12|6|1|62||2497|
12|6|1|62||2498|
12|6|1|62||2499|
12|6|1|62||2500|
12|6|1|62||2501|
12|6|1|62||2502|
12|6|1|62||2503|
12|6|1|62||2504|
12|6|1|62||2505|
12|6|1|62||2506|
12|6|1|62||2507|
12|6|1|62||2508|
12|6|9|73||2693|
12|6|9|73||2694|
12|6|9|73||2695|
12|6|9|73||2696|
12|6|9|73||2697|
12|6|9|73||2698|
12|6|9|73||2699|
12|6|9|73||2700|
12|6|9|73||2702|
12|6|9|73||2704|
12|6|9|73||2705|
12|6|9|73||2706|
12|6|9|73||2710|
12|6|9|73||2714|
12|6|9|73||2716|
12|6|9|73||2722|
12|6|9|73||2780|
12|6|9|73||2781|
12|6|9|73||2782|
12|6|1|75||2752|
12|6|1|75||2753|
12|6|1|75||2754|
12|6|1|75||2755|
12|6|1|75||2756|
12|6|1|75||2757|
12|6|1|75||2758|
12|6|1|75||2759|
12|6|1|75||2760|
12|6|1|75||2761|
12|6|1|75||2762|
12|6|1|75||2763|
12|6|1|75||2764|
12|6|1|75||2765|
12|6|1|75||2766|
12|6|1|75||2767|
12|6|1|75||2768|
12|6|1|75||2769|
12|6|1|75||2770|
12|6|1|75||2771|
12|6|9|76||2701|
12|6|9|76||2703|
12|6|9|76||2707|
12|6|9|76||2708|
12|6|9|76||2709|
12|6|9|76||2711|
12|6|9|76||2712|
12|6|9|76||2713|
12|6|9|76||2715|
12|6|9|76||2717|
12|6|9|76||2718|
12|6|9|76||2719|
12|6|9|76||2720|
12|6|9|76||2721|
12|6|9|76||2723|
12|6|9|76||2724|
12|6|9|76||2772|
12|6|9|76||2773|
12|6|9|76||2774|
12|6|9|76||2775|
12|6|9|76||2776|
12|6|9|76||2777|
12|6|9|76||2778|
12|6|9|76||2779|
12|6|9|77||1185|
12|6|9|77||1190|
12|6|9|77||1191|
12|6|9|77||1192|
12|6|9|77||1195|
12|6|9|77||1196|
12|6|9|77||1198|
12|6|9|77||1199|
12|6|9|77||2783|
12|7|4|21||883|
12|7|4|21||884|
12|7|4|21||885|
12|7|4|21||886|
12|7|4|21||887|
12|7|4|21||888|
12|7|4|21||889|
12|7|4|21||890|
12|7|4|21||891|
12|7|4|21||892|
12|7|4|21||893|
12|7|4|21||894|
12|7|4|21||895|
12|7|4|21||896|
12|7|4|21||897|
12|7|4|21||898|
12|7|4|21||899|
12|7|4|21||900|
12|7|4|21||901|
12|7|4|21||902|
12|7|4|21||903|
12|7|4|21||904|
12|7|4|21||905|
12|7|4|21||906|
12|7|4|21||907|
12|7|4|21||908|
12|7|4|21||909|
12|7|4|21||910|
12|7|4|21||911|
12|7|4|21||912|
12|7|4|21||913|
12|7|4|21||914|
12|7|4|21||915|
12|7|4|21||916|
12|7|4|21||917|
12|7|4|21||918|
12|7|4|21||919|
12|7|4|21||920|
12|7|4|21||921|
12|7|4|21||922|
12|7|4|21||923|
12|7|4|21||924|
12|7|4|21||925|
12|7|4|21||926|
12|7|4|21||927|
12|7|4|21||928|
12|7|4|21||929|
12|7|4|21||930|
12|7|4|21||931|
12|7|4|21||932|
12|7|4|21||933|
12|7|4|21||934|
12|7|4|21||935|
12|7|4|21||936|
12|7|4|21||937|
12|7|4|21||938|
12|7|4|21||939|
12|7|4|21||940|
12|7|4|21||941|
12|7|4|21||942|
12|7|4|29||1204|
12|7|4|29||1205|
12|7|4|29||1206|
12|7|4|29||1207|
12|7|4|29||1208|
12|7|4|29||1209|
12|7|4|29||1210|
12|7|4|29||1211|
12|7|4|29||1212|
12|7|4|29||1213|
12|7|4|29||1214|
12|7|4|29||1215|
12|7|4|29||1216|
12|7|4|29||1217|
12|7|4|29||1218|
12|7|4|29||1219|
12|7|4|29||1220|
12|7|4|29||1221|
12|7|4|29||1222|
12|7|4|29||1223|
12|7|4|29||1224|
12|7|4|29||1225|
12|7|4|29||1226|
12|7|4|29||1227|
12|7|4|29||1228|
12|7|4|29||1229|
12|7|4|29||1230|
12|7|4|29||1231|
12|7|4|29||1232|
12|7|4|29||1233|
12|7|4|29||1234|
12|7|4|29||1235|
12|7|4|29||1236|
12|7|4|29||1237|
12|7|4|29||1238|
12|7|4|29||1239|
12|7|4|29||1240|
12|7|4|29||1241|
12|7|4|29||1242|
12|7|4|29||1243|
12|7|4|29||1244|
12|7|4|29||1245|
12|7|4|29||1246|
12|7|4|29||1247|
12|7|4|29||1248|
12|7|4|29||1249|
12|7|4|29||1250|
12|7|4|29||1251|
12|7|4|29||1252|
12|7|4|29||1253|
12|7|4|29||1254|
12|7|4|29||1255|
12|7|4|29||1256|
12|7|4|29||1257|
12|7|4|29||1258|
12|7|4|29||1259|
12|7|4|29||1260|
12|7|4|29||1261|
12|7|4|29||1262|
12|7|4|29||1263|
12|7|4|29||1264|
12|7|4|29||1265|
12|7|4|29||1266|
12|7|4|29||1267|
12|7|4|29||1268|
12|7|4|29||1269|
12|7|4|29||1270|
12|7|4|29||1271|
12|7|4|29||1272|
12|7|4|29||1273|
12|7|4|29||1274|
12|7|4|29||1275|
12|7|4|29||1276|
12|7|4|29||1277|
12|7|4|29||1278|
12|7|4|29||1279|
12|7|4|29||1280|
12|7|4|29||1281|
12|7|4|29||1282|
12|7|4|29||1283|
12|7|4|29||1284|
12|7|4|29||1285|
12|7|4|29||1286|
12|7|4|29||1287|
12|7|4|29||1288|
12|7|4|29||1289|
12|7|4|29||1290|
12|7|4|29||1291|
12|7|4|29||1292|
12|7|4|29||1293|
12|7|4|29||1294|
12|7|4|29||1295|
12|7|4|29||1296|
12|7|4|29||1297|
12|7|4|29||1298|
12|7|4|29||1299|
12|7|4|29||1300|
12|7|4|29||1301|
12|7|4|29||1302|
12|7|4|29||1303|
12|7|4|29||1304|
12|7|4|29||1305|
12|7|4|29||1306|
12|7|4|29||1307|
12|7|4|29||1308|
12|7|5|40||1654|
12|7|5|40||1655|
12|7|5|40||1656|
12|7|5|40||1657|
12|7|5|40||1658|
12|7|5|40||1659|
12|7|5|40||1660|
12|7|5|40||1661|
12|7|5|40||1662|
12|7|5|40||1663|
12|7|5|40||1664|
12|7|5|40||1665|
12|7|5|40||1666|
12|7|5|40||1667|
12|7|5|40||1668|
12|7|5|40||1669|
12|7|5|40||1670|
12|7|5|40||1671|
12|7|5|40||1672|
12|7|5|40||1673|
12|7|5|40||1674|
12|7|5|40||1675|
12|7|5|40||1676|
12|7|3|41||1677|
12|7|3|41||1678|
12|7|3|41||1679|
12|7|3|41||1680|
12|7|3|41||1681|
12|7|3|41||1682|
12|7|3|41||1683|
12|7|3|41||1684|
12|7|3|41||1685|
12|7|3|41||1686|
12|7|3|41||1687|
12|7|3|41||1688|
12|7|3|41||1689|
12|7|3|41||1690|
12|7|3|41||1691|
12|7|3|41||1692|
12|7|3|41||1693|
12|7|3|41||1694|
12|7|3|41||1695|
12|7|3|41||1696|
12|7|3|41||1697|
12|7|3|41||1698|
12|7|5|57||2223|
12|7|5|57||2224|
12|7|5|57||2225|
12|7|5|57||2226|
12|7|5|57||2227|
12|7|5|57||2228|
12|7|5|57||2229|
12|7|5|57||2230|
12|7|5|57||2231|
12|7|5|57||2232|
12|7|5|57||2233|
12|7|5|57||2234|
12|7|5|57||2235|
12|7|5|57||2236|
12|7|5|57||2237|
12|7|5|57||2238|
12|7|5|57||2239|
12|7|5|57||2240|
12|7|5|57||2241|
12|7|5|57||2242|
12|7|5|57||2243|
12|7|5|57||2244|
12|7|5|57||2245|
12|7|5|57||2246|
12|7|5|57||2247|
12|7|5|57||2248|
12|7|5|57||2249|
12|7|5|57||2250|
12|7|5|57||2251|
12|7|5|57||2252|
12|7|5|57||2253|
12|7|5|57||2254|
12|7|5|57||2255|
12|7|5|57||2256|
12|7|5|57||2257|
12|7|5|57||2258|
12|7|5|57||2259|
12|7|5|57||2260|
12|7|5|57||2261|
12|8|5|12||671|
12|8|5|12||672|
12|8|5|12||673|
12|8|5|12||674|
12|8|5|12||675|
12|8|5|12||676|
12|8|5|12||677|
12|8|5|12||678|
12|8|5|12||679|
12|8|5|12||680|
12|8|5|12||681|
12|8|5|12||682|
12|8|5|12||683|
12|8|5|12||684|
12|8|5|12||685|
12|8|5|12||686|
12|8|5|12||687|
12|8|5|12||688|
12|8|5|12||689|
12|8|5|12||690|
12|8|5|12||691|
12|8|5|12||692|
12|8|5|12||693|
12|8|5|12||694|
12|8|5|12||695|
12|8|5|12||696|
12|8|5|12||697|
12|8|5|12||698|
12|8|5|12||699|
12|8|5|12||700|
12|8|5|12||701|
12|8|5|12||702|
12|8|5|12||703|
12|8|5|12||704|
12|8|5|12||705|
12|8|5|12||706|
12|8|5|12||707|
12|8|5|12||708|
12|8|5|12||709|
12|8|5|12||710|
12|8|5|12||711|
12|8|5|12||712|
12|8|5|12||713|
12|8|5|12||714|
12|8|5|12||715|
12|8|5|12||716|
12|8|5|12||717|
12|8|5|12||718|
12|8|5|12||719|
12|8|5|12||720|
12|8|5|12||721|
12|8|5|12||722|
12|8|5|12||723|
12|8|5|12||724|
12|8|5|13||725|
12|8|5|13||726|
12|8|5|13||727|
12|8|5|13||728|
12|8|5|13||729|
12|8|5|13||730|
12|8|5|13||731|
12|8|5|13||732|
12|8|5|13||733|
12|8|5|13||734|
12|8|5|13||735|
12|8|5|13||736|
12|8|5|13||737|
12|8|5|13||738|
12|8|5|13||739|
12|8|5|13||740|
12|8|5|13||741|
12|8|5|13||742|
12|8|5|13||743|
12|8|5|13||744|
12|8|5|13||745|
12|8|5|13||746|
12|8|5|13||747|
12|8|5|13||748|
12|8|5|13||749|
12|8|5|13||750|
12|8|5|13||751|
12|8|5|13||752|
12|8|5|13||753|
12|8|5|13||754|
12|8|5|13||755|
12|8|5|13||756|
12|8|5|13||757|
12|8|5|13||758|
12|8|5|13||759|
12|8|5|13||760|
12|8|5|13||761|
12|8|5|13||762|
12|8|5|18||844|
12|8|5|18||845|
12|8|5|18||846|
12|8|5|18||847|
12|8|5|18||848|
12|8|5|18||849|
12|8|5|18||850|
12|8|5|18||851|
12|8|5|18||852|
12|8|5|18||853|
12|8|5|18||854|
12|8|5|18||855|
12|8|5|18||856|
12|8|5|18||857|
12|8|5|23||1001|
12|8|5|23||1002|
12|8|5|23||1003|
12|8|5|23||1004|
12|8|5|23||1005|
12|8|5|23||1006|
12|8|5|23||1007|
12|8|5|23||1008|
12|8|5|23||1009|
12|8|5|23||1010|
12|8|5|23||1011|
12|8|5|23||1012|
12|8|5|23||1013|
12|8|5|23||1014|
12|8|5|23||1015|
12|8|5|23||1016|
12|8|5|23||1017|
12|8|5|23||1018|
12|8|5|23||1019|
12|8|5|23||1020|
12|8|5|23||1021|
12|8|5|23||1022|
12|8|5|23||1023|
12|8|5|23||1024|
12|8|5|23||1025|
12|8|5|23||1026|
12|8|5|23||1027|
12|8|5|23||1028|
12|8|5|23||1029|
12|8|5|25||1037|
12|8|5|25||1038|
12|8|5|25||1039|
12|8|5|25||1040|
12|8|5|25||1041|
12|8|5|25||1042|
12|8|5|25||1043|
12|8|5|25||1044|
12|8|5|25||1045|
12|8|5|25||1046|
12|8|5|25||1047|
12|8|5|25||1048|
12|8|5|25||1049|
12|8|5|31||1339|
12|8|5|31||1340|
12|8|5|31||1341|
12|8|5|31||1342|
12|8|5|31||1343|
12|8|5|31||1344|
12|8|5|31||1345|
12|8|5|31||1346|
12|8|5|31||1347|
12|8|5|31||1348|
12|8|5|31||1349|
12|8|5|31||1350|
12|8|5|31||1351|
12|8|5|31||1352|
12|8|5|31||1353|
12|8|5|31||1354|
12|8|5|31||1355|
12|8|5|31||1356|
12|8|5|31||1357|
12|8|9|37||1565|
12|8|9|37||1566|
12|8|9|37||1567|
12|8|9|37||1568|
12|8|9|37||1569|
12|8|9|37||1570|
12|8|9|37||1571|
12|8|9|37||1572|
12|8|9|37||1573|
12|8|9|37||1574|
12|8|9|37||1575|
12|8|5|40||2784|
12|8|5|47||1809|
12|8|5|47||1810|
12|8|5|47||1811|
12|8|5|47||1812|
12|8|5|47||1813|
12|8|5|47||1814|
12|8|5|47||1815|
12|8|5|47||1816|
12|8|5|47||1817|
12|8|5|47||1818|
12|8|5|47||1819|
12|8|5|47||1820|
12|8|5|47||1821|
12|8|5|47||1822|
12|8|5|47||1823|
12|8|5|47||1824|
12|8|5|47||1825|
12|8|5|47||1826|
12|8|5|47||1827|
12|8|5|47||1828|
12|8|5|47||1829|
12|8|5|47||1830|
12|8|5|47||1831|
12|8|5|47||1832|
12|8|5|47||1833|
12|8|5|47||1834|
12|8|5|47||1835|
12|8|5|47||1836|
12|8|5|47||1837|
12|8|5|47||1838|
12|8|5|47||1839|
12|8|5|47||1840|
12|8|5|47||1841|
12|8|5|47||1842|
12|8|5|47||1843|
12|8|5|47||1844|
12|8|5|47||1845|
12|8|5|47||1846|
12|8|9|53||2015|
12|8|9|53||2016|
12|8|9|53||2017|
12|8|9|53||2018|
12|8|9|53||2019|
12|8|9|53||2020|
12|8|9|53||2021|
12|8|9|53||2022|
12|8|9|53||2023|
12|8|9|53||2024|
12|8|9|53||2025|
12|8|9|53||2026|
12|8|9|53||2027|
12|8|9|53||2028|
12|8|9|53||2029|
12|8|9|53||2030|
12|8|9|53||2031|
12|8|9|53||2032|
12|8|9|53||2033|
12|8|9|53||2034|
12|8|9|53||2035|
12|8|9|53||2036|
12|8|9|53||2037|
12|8|9|53||2038|
12|8|9|53||2039|
12|8|9|53||2040|
12|8|5|54||2041|
12|8|5|54||2042|
12|8|5|54||2043|
12|8|5|54||2044|
12|8|5|54||2045|
12|8|5|54||2046|
12|8|5|54||2047|
12|8|5|54||2048|
12|8|5|54||2049|
12|8|5|54||2050|
12|8|5|54||2051|
12|8|5|54||2052|
12|8|5|54||2053|
12|8|5|54||2054|
12|8|5|54||2055|
12|8|5|54||2056|
12|8|5|54||2057|
12|8|5|54||2058|
12|8|5|54||2059|
12|8|5|54||2060|
12|8|5|54||2061|
12|8|5|54||2062|
12|8|5|54||2063|
12|8|5|54||2064|
12|8|5|54||2065|
12|8|5|54||2066|
12|8|5|54||2067|
12|8|5|54||2068|
12|8|5|54||2069|
12|8|5|54||2070|
12|8|5|54||2071|
12|8|5|54||2072|
12|8|5|54||2073|
12|8|5|54||2074|
12|8|5|54||2075|
12|8|5|54||2076|
12|8|5|54||2077|
12|8|5|54||2078|
12|8|5|54||2079|
12|8|5|54||2080|
12|8|5|54||2081|
12|8|5|54||2082|
12|8|5|54||2083|
12|8|5|54||2084|
12|8|5|54||2085|
12|8|5|54||2086|
12|8|5|54||2087|
12|8|5|54||2088|
12|8|5|54||2089|
12|8|5|54||2090|
12|8|5|54||2091|
12|8|9|63||2509|
12|8|9|63||2510|
12|8|9|63||2511|
12|8|9|63||2512|
12|8|9|63||2513|
12|8|9|63||2514|
12|8|9|63||2515|
12|8|9|63||2516|
12|8|9|63||2517|
12|8|9|63||2518|
12|8|9|63||2519|
12|8|9|63||2520|
12|8|9|63||2521|
12|8|9|63||2522|
12|8|9|72||2678|
12|8|9|72||2679|
12|8|9|72||2680|
12|8|9|72||2681|
12|8|9|72||2682|
12|8|9|72||2683|
12|8|9|72||2684|
12|8|9|72||2685|
12|8|9|72||2686|
12|8|9|72||2687|
12|8|9|72||2688|
12|8|9|72||2689|
12|8|9|72||2690|
12|8|9|72||2691|
12|8|9|72||2692|
12|9|7|1||111|
12|9|7|1||112|
12|9|7|1||113|
12|9|7|1||114|
12|9|8|1||115|
12|9|8|1||116|
12|9|8|1||117|
12|9|8|1||118|
12|9|8|1||119|
12|9|7|1||120|
12|9|7|1||121|
12|9|7|1||122|
12|9|7|1||127|
12|9|7|1||128|
12|9|8|1||129|
12|9|8|1||130|
12|9|8|1||131|
12|9|8|1||132|
12|9|8|1||133|
12|9|8|1||134|
12|9|8|1||135|
12|9|8|1||136|
12|9|8|1||137|
12|9|8|1||138|
12|9|8|1||139|
12|9|8|1||140|
12|9|8|1||141|
12|9|8|1||142|
12|9|7|1||143|
12|9|7|1||144|
12|9|8|1||145|
12|9|8|1||146|
12|9|8|1||147|
12|9|8|1||148|
12|9|8|1||149|
12|9|8|1||150|
12|9|8|1||151|
12|9|8|1||152|
12|9|8|1||153|
12|9|8|1||154|
12|9|8|1||155|
12|9|8|1||156|
12|9|8|1||157|
12|9|8|1||158|
12|9|8|1||159|
12|9|8|1||160|
12|9|8|1||161|
12|9|7|1||162|
12|9|7|1||163|
12|9|7|1||164|
12|9|7|1||165|
12|9|7|1||170|
12|9|7|1||171|
12|9|8|1||172|
12|9|8|1||173|
12|9|8|1||174|
12|9|8|1||175|
12|9|8|1||176|
12|9|8|1||177|
12|9|8|1||178|
12|9|8|1||179|
12|9|8|1||180|
12|9|8|1||181|
12|9|8|1||182|
12|9|8|1||183|
12|9|8|1||184|
12|9|8|1||185|
12|9|8|1||186|
12|9|7|1||187|
12|9|7|1||188|
12|9|7|1||189|
12|9|7|1||190|
12|9|7|1||191|
12|9|7|1||197|
12|9|7|1||199|
12|9|7|1||200|
12|9|8|1||201|
12|9|8|1||202|
12|9|8|1||203|
12|9|8|1||204|
12|9|8|1||205|
12|9|8|1||206|
12|9|8|1||207|
12|9|8|1||208|
12|9|8|1||209|
12|9|8|1||210|
12|9|8|1||211|
12|9|8|1||212|
12|9|8|1||213|
12|9|8|1||214|
12|9|8|1||245|
12|9|8|1||246|
12|9|8|1||247|
12|9|8|1||264|
12|9|8|1||265|
12|9|8|1||266|
12|9|8|1||267|
12|9|8|1||279|
12|9|8|1||280|
12|9|8|1||281|
12|9|8|1||282|
12|9|8|1||283|
12|9|8|1||284|
12|9|8|1||285|
12|9|8|1||286|
12|9|8|1||288|
12|9|8|1||289|
12|9|8|1||290|
12|9|8|1||291|
12|9|8|1||292|
12|9|8|1||293|
12|9|8|1||294|
12|9|8|1||295|
12|9|8|1||296|
12|9|8|1||297|
12|9|8|1||298|
12|9|8|1||299|
12|9|8|1||300|
12|9|8|1||301|
12|9|8|1||302|
12|9|8|1||303|
12|9|8|1||304|
12|9|8|1||305|
12|9|8|1||306|
12|9|8|1||307|
12|9|8|1||308|
12|9|8|1||309|
12|9|8|1||310|
12|9|8|1||311|
12|9|8|1||312|
12|9|7|1||313|
12|9|7|1||314|
12|9|7|1||315|
12|9|7|1||316|
12|9|7|1||317|
12|9|7|1||318|
12|9|7|1||319|
12|9|7|1||320|
12|9|7|1||321|
12|9|7|1||322|
12|9|7|1||323|
12|9|7|1||324|
12|9|7|1||325|
12|9|8|1||326|
12|9|8|1||327|
12|9|8|1||328|
12|9|8|1||329|
12|9|8|1||330|
12|9|8|1||331|
12|9|7|1||332|
12|9|7|1||333|
12|9|7|1||334|
12|9|7|1||335|
12|9|7|1||336|
12|9|7|1||337|
12|9|7|1||338|
12|9|8|1||339|
12|9|8|1||340|
12|9|8|1||341|
12|9|8|1||342|
12|9|7|1||343|
12|9|7|1||344|
12|9|7|1||345|
12|9|7|1||346|
12|9|7|1||347|
12|9|8|1||348|
12|9|8|1||349|
12|9|8|1||350|
12|9|8|1||351|
12|9|8|1||352|
12|9|8|1||354|
12|9|8|1||355|
12|9|8|1||356|
12|9|8|1||357|
12|9|8|1||358|
12|9|8|1||359|
12|9|8|1||360|
12|9|8|1||361|
12|9|8|1||362|
12|9|8|1||363|
12|9|8|1||364|
12|9|8|1||365|
12|9|8|1||366|
12|9|8|1||367|
12|9|8|1||368|
12|9|8|1||369|
12|9|8|1||370|
12|9|8|1||371|
12|9|8|1||372|
12|9|8|1||373|
12|9|8|1||374|
12|9|8|1||375|
12|9|8|1||376|
12|9|8|1||377|
12|9|8|1||378|
12|9|8|1||379|
12|9|8|1||380|
12|9|8|1||381|
12|9|8|1||382|
12|10|7|1||1|
12|10|7|1||2|
12|10|7|1||3|
12|10|7|1||4|
12|10|7|1||5|
12|10|7|1||6|
12|10|7|1||7|
12|10|7|1||8|
12|10|7|1||9|
12|10|7|1||10|
12|10|7|1||11|
12|10|7|1||12|
12|10|7|1||13|
12|10|7|1||14|
12|10|7|1||15|
12|10|7|1||16|
12|10|7|1||17|
12|10|7|1||18|
12|10|7|1||19|
12|10|7|1||20|
12|10|7|1||21|
12|10|7|1||22|
12|10|7|1||23|
12|10|7|1||24|
12|10|7|1||25|
12|10|7|1||26|
12|10|7|1||27|
12|10|7|1||28|
12|10|7|1||29|
12|10|7|1||30|
12|10|7|1||31|
12|10|7|1||32|
12|10|7|1||33|
12|10|7|1||34|
12|10|7|1||35|
12|10|7|1||36|
12|10|7|1||37|
12|10|7|1||38|
12|10|7|1||39|
12|10|7|1||40|
12|10|7|1||41|
12|10|7|1||42|
12|10|7|1||43|
12|10|7|1||44|
12|10|7|1||45|
12|10|7|1||46|
12|10|7|1||47|
12|10|7|1||48|
12|10|7|1||49|
12|10|7|1||50|
12|10|7|1||51|
12|10|7|1||52|
12|10|7|1||53|
12|10|7|1||54|
12|10|7|1||55|
12|10|7|1||56|
12|10|7|1||57|
12|10|7|1||58|
12|10|7|1||59|
12|10|7|1||60|
12|10|7|1||61|
12|10|7|1||62|
12|10|7|1||63|
12|10|7|1||64|
12|10|7|1||65|
12|10|7|1||66|
12|10|7|1||67|
12|10|7|1||68|
12|10|7|1||69|
12|10|7|1||70|
12|10|7|1||71|
12|10|7|1||72|
12|10|7|1||73|
12|10|7|1||74|
12|10|7|1||75|
12|10|7|1||76|
12|10|7|1||77|
12|10|7|1||78|
12|10|7|1||79|
12|10|7|1||80|
12|10|7|1||81|
12|10|7|1||82|
12|10|7|1||83|
12|10|7|1||84|
12|10|7|1||85|
12|10|7|1||86|
12|10|7|1||87|
12|10|7|1||88|
12|10|7|1||89|
12|10|7|1||90|
12|10|7|1||91|
12|10|7|1||92|
12|10|7|1||93|
12|10|7|1||94|
12|10|7|1||95|
12|10|7|1||96|
12|10|7|1||97|
12|10|7|1||98|
12|10|7|1||99|
12|10|7|1||100|
12|10|7|1||101|
12|10|7|1||102|
12|10|7|1||103|
12|10|7|1||104|
12|10|7|1||105|
12|10|7|1||106|
12|10|7|1||107|
12|10|7|1||108|
12|10|7|1||109|
12|10|7|1||110|
12|10|7|1||123|
12|10|7|1||124|
12|10|7|1||125|
12|10|7|1||126|
12|10|7|1||166|
12|10|7|1||167|
12|10|7|1||168|
12|10|7|1||169|
12|10|7|1||192|
12|10|7|1||193|
12|10|7|1||194|
12|10|7|1||195|
12|10|7|1||196|
12|10|7|1||198|
12|10|8|1||215|
12|10|8|1||216|
12|10|8|1||217|
12|10|7|1||218|
12|10|7|1||219|
12|10|7|1||220|
12|10|7|1||221|
12|10|7|1||222|
12|10|7|1||223|
12|10|7|1||224|
12|10|7|1||225|
12|10|7|1||226|
12|10|7|1||227|
12|10|7|1||228|
12|10|7|1||229|
12|10|7|1||230|
12|10|7|1||231|
12|10|7|1||232|
12|10|7|1||233|
12|10|7|1||234|
12|10|7|1||235|
12|10|7|1||236|
12|10|7|1||237|
12|10|7|1||238|
12|10|7|1||239|
12|10|7|1||240|
12|10|7|1||241|
12|10|7|1||242|
12|10|8|1||243|
12|10|8|1||244|
12|10|7|1||248|
12|10|7|1||249|
12|10|7|1||250|
12|10|7|1||251|
12|10|7|1||252|
12|10|7|1||253|
12|10|7|1||254|
12|10|7|1||255|
12|10|7|1||256|
12|10|7|1||257|
12|10|7|1||258|
12|10|7|1||259|
12|10|7|1||260|
12|10|7|1||261|
12|10|8|1||262|
12|10|8|1||263|
12|10|8|1||268|
12|10|8|1||269|
12|10|7|1||270|
12|10|7|1||271|
12|10|7|1||272|
12|10|7|1||273|
12|10|7|1||274|
12|10|7|1||275|
12|10|7|1||276|
12|10|7|1||277|
12|10|8|1||278|
12|10|8|1||287|
12|10|7|1||353|
12|10|8|1||383|
