EDO;DTO;MPO;NOMBRE;FCTMPAL;POB00
 27 ; 1 ; 3 ;CENTLA;0.27979; 88218 
 27 ; 1 ; 10 ;JALPA DE MENDEZ;0.21803; 68746 
 27 ; 1 ; 13 ;NACAJUCA;0.25305; 79788 
 27 ; 1 ; 14 ;PARAISO;0.22443; 70764 
;;;;;;;;;;;;;;
;;;;;;;;;;;;;;
 27 ; 2 ; 2 ;CARDENAS;0.51934; 163750 
 27 ; 2 ; 8 ;HUIMANGUILLO;0.50292; 158573 
;;;;;;;;;;;;;;
;;;;;;;;;;;;;;
 27 ; 3 ; 1 ;BALANCAN;0.17210; 54265 
 27 ; 3 ; 7 ;EMILIANO ZAPATA;0.08548; 26951 
 27 ; 3 ; 11 ;JONUTA;0.08819; 27807 
 27 ; 3 ; 12 ;MACUSPANA;0.42517; 134057 
 27 ; 3 ; 17 ;TENOSIQUE;0.17669; 55712 
;;;;;;;;;;;;;;
;;;;;;;;;;;;;;
 27 ; 4 ; 2 ;CARDENAS;0.16971; 53511 
 27 ; 4 ; 5 ;COMALCALCO;0.52215; 164637 
 27 ; 4 ; 6 ;CUNDUACAN;0.32958; 103917 
;;;;;;;;;;;;;;
;;;;;;;;;;;;;;
 27 ; 5 ; 4 ;CENTRO;1.01789; 320945 
;;;;;;;;;;;;;;
;;;;;;;;;;;;;;
 27 ; 6 ; 4 ;CENTRO;0.63497; 200211 
 27 ; 6 ; 9 ;JALAPA;0.10417; 32847 
 27 ; 6 ; 15 ;TACOTALPA;0.13097; 41296 
 27 ; 6 ; 16 ;TEAPA;0.14536; 45834 
