EDO;DTO;MPO;NOMBRE;FCTMPAL;POB00
 17 ; 1 ; 1 ;AMACUZAC;0.05299; 16482 
 17 ; 1 ; 5 ;COATLAN DEL RIO;0.03008; 9356 
 17 ; 1 ; 12 ;JOJUTLA;0.17151; 53351 
 17 ; 1 ; 14 ;MAZATEPEC;0.02836; 8821 
 17 ; 1 ; 15 ;MIACATLAN;0.07710; 23984 
 17 ; 1 ; 17 ;PUENTE DE IXTLA;0.17408; 54149 
 17 ; 1 ; 21 ;TETECALA;0.02224; 6917 
 17 ; 1 ; 25 ;TLAQUILTENANGO;0.09650; 30017 
 17 ; 1 ; 28 ;;0.14673; 45643 
 17 ; 1 ; 31 ;ZACATEPEC;0.10715; 33331 
;;;;;;;;;;;;;;
;;;;;;;;;;;;;;
 17 ; 2 ; 2 ;ATLATLAHUCAN;0.04728; 14708 
 17 ; 2 ; 9 ;HUITZILAC;0.04881; 15184 
 17 ; 2 ; 16 ;OCUITUCO;0.04851; 15090 
 17 ; 2 ; 20 ;TEPOZTLAN;0.10584; 32921 
 17 ; 2 ; 22 ;TETELA DEL VOLCAN;0.05281; 16428 
 17 ; 2 ; 23 ;TLALNEPANTLA;0.01809; 5626 
 17 ; 2 ; 24 ;TLALTIZAPAN;0.14554; 45272 
 17 ; 2 ; 26 ;TLAYACAPAN;0.04453; 13851 
 17 ; 2 ; 27 ;TOTOLAPAN;0.02810; 8742 
 17 ; 2 ; 29 ;YAUTEPEC;0.27135; 84405 
 17 ; 2 ; 30 ;YECAPIXTLA;0.11760; 36582 
 17 ; 2 ; 32 ;ZACUALPAN;0.02560; 7962 
 17 ; 2 ; 33 ;TEMOAC;0.03879; 12065 
;;;;;;;;;;;;;;
;;;;;;;;;;;;;;
 17 ; 3 ; 3 ;AXOCHIAPAN;0.09785; 30436 
 17 ; 3 ; 4 ;AYALA;0.22305; 69381 
 17 ; 3 ; 6 ;CUAUTLA;0.49293; 153329 
 17 ; 3 ; 10 ;JANTETELCO;0.04419; 13745 
 17 ; 3 ; 13 ;JONACATEPEC;0.04380; 13623 
 17 ; 3 ; 19 ;TEPALCINGO;0.07758; 24133 
;;;;;;;;;;;;;;
;;;;;;;;;;;;;;
 17 ; 4 ; 7 ;CUERNAVACA;1.08906; 338762 
;;;;;;;;;;;;;;
;;;;;;;;;;;;;;
 17 ; 5 ; 8 ;EMILIANO ZAPATA;0.18523; 57617 
 17 ; 5 ; 11 ;JIUTEPEC;0.54841; 170589 
 17 ; 5 ; 18 ;TEMIXCO;0.27441; 85356 
 17 ; 5 ; 900 ;;0.00000; 7438 
