EDO;DTO;MPO;NOMBRE;FCTMPAL;POB00
 19 ; 1 ; 4 ;ALLENDE;0.08692; 27773 
 19 ; 1 ; 7 ;ARAMBERRI;0.04645; 14840 
 19 ; 1 ; 13 ;CHINA;0.03612; 11540 
 19 ; 1 ; 14 ;DR. ARROYO;0.10554; 33721 
 19 ; 1 ; 15 ;DR. COSS;0.00703; 2246 
 19 ; 1 ; 17 ;GALEANA;0.12369; 39519 
 19 ; 1 ; 20 ;GRAL. BRAVO;0.01815; 5799 
 19 ; 1 ; 22 ;GRAL. TERAN;0.04843; 15475 
 19 ; 1 ; 24 ;GRAL. ZARAGOZA;0.01745; 5576 
 19 ; 1 ; 30 ;HUALAHUISES;0.02007; 6413 
 19 ; 1 ; 31 ;ITURBIDE;0.01090; 3484 
 19 ; 1 ; 34 ;LINARES;0.21660; 69205 
 19 ; 1 ; 37 ;MIER Y NORIEGA;0.02215; 7078 
 19 ; 1 ; 39 ;MONTEMORELOS;0.16507; 52741 
 19 ; 1 ; 44 ;RAYONES;0.00818; 2613 
 19 ; 1 ; 49 ;SANTIAGO;0.11982; 38284 
;;;;;;;;;;;;;;
;;;;;;;;;;;;;;
 19 ; 2 ; 1 ;ABASOLO;0.00787; 2514 
 19 ; 2 ; 2 ;AGUALEGUAS;0.01374; 4390 
 19 ; 2 ; 3 ;LOS ALDAMAS;0.00771; 2464 
 19 ; 2 ; 5 ;ANAHUAC;0.05798; 18524 
 19 ; 2 ; 8 ;BUSTAMANTE;0.01095; 3499 
 19 ; 2 ; 9 ;CADEREYTA JIMENEZ;0.23492; 75059 
 19 ; 2 ; 10 ;CARMEN;0.02079; 6644 
 19 ; 2 ; 11 ;CERRALVO;0.02924; 9343 
 19 ; 2 ; 12 ;CIENEGA DE FLORES;0.03507; 11204 
 19 ; 2 ; 16 ;DR. GONZALEZ;0.00997; 3185 
 19 ; 2 ; 18 ;GARCIA;0.09068; 28974 
 19 ; 2 ; 23 ;GRAL. TREVI\O;0.00532; 1699 
 19 ; 2 ; 25 ;GRAL. ZUAZUA;0.01888; 6033 
 19 ; 2 ; 27 ;LOS HERRERAS;0.00875; 2795 
 19 ; 2 ; 28 ;HIDALGO;0.04468; 14275 
 19 ; 2 ; 29 ;HIGUERAS;0.00429; 1371 
 19 ; 2 ; 32 ;JUAREZ;0.20762; 66336 
 19 ; 2 ; 33 ;LAMPAZOS DE NARANJO;0.01660; 5305 
 19 ; 2 ; 35 ;MARIN;0.01477; 4719 
 19 ; 2 ; 36 ;MELCHOR OCAMPO;0.00380; 1215 
 19 ; 2 ; 38 ;MINA;0.01580; 5049 
 19 ; 2 ; 41 ;PARAS;0.00384; 1226 
 19 ; 2 ; 42 ;PESQUERIA;0.03543; 11321 
 19 ; 2 ; 43 ;LOS RAMONES;0.01952; 6237 
 19 ; 2 ; 45 ;SABINAS HIDALGO;0.10118; 32329 
 19 ; 2 ; 46 ;SALINAS VICTORIA;0.05954; 19024 
 19 ; 2 ; 50 ;VALLECILLO;0.00679; 2169 
 19 ; 2 ; 51 ;VILLALDAMA;0.01329; 4247 
;;;;;;;;;;;;;;
;;;;;;;;;;;;;;
 19 ; 3 ; 26 ;GUADALUPE;1.04883; 335113 
;;;;;;;;;;;;;;
;;;;;;;;;;;;;;
 19 ; 4 ; 26 ;GUADALUPE;1.04794; 334830 
;;;;;;;;;;;;;;
;;;;;;;;;;;;;;
 19 ; 5 ; 40 ;MONTERREY;0.87562; 279771 
;;;;;;;;;;;;;;
;;;;;;;;;;;;;;
 19 ; 6 ; 40 ;MONTERREY;0.87235; 278727 
;;;;;;;;;;;;;;
;;;;;;;;;;;;;;
 19 ; 7 ; 40 ;MONTERREY;0.87013; 278017 
;;;;;;;;;;;;;;
;;;;;;;;;;;;;;
 19 ; 8 ; 40 ;MONTERREY;0.87739; 280335 
;;;;;;;;;;;;;;
;;;;;;;;;;;;;;
 19 ; 9 ; 21 ;GRAL. ESCOBEDO;0.70369; 224835 
 19 ; 9 ; 47 ;SAN NICOLAS DE LOS GARZA;0.42497; 135783 
;;;;;;;;;;;;;;
;;;;;;;;;;;;;;
 19 ; 10 ; 47 ;SAN NICOLAS DE LOS GARZA;1.13282; 361949 
;;;;;;;;;;;;;;
;;;;;;;;;;;;;;
 19 ; 11 ; 6 ;APODACA;0.88927; 284133 
;;;;;;;;;;;;;;
;;;;;;;;;;;;;;
 19 ; 12 ; 19 ;SAN PEDRO GARZA GARCIA;0.39487; 126165 
 19 ; 12 ; 48 ;SANTA CATARINA;0.71054; 227026 
