EDO;DTO;MPO;NOMBRE;FCTMPAL;POB00
 16 ; 1 ; 6 ;APATZINGAN;0.35512; 117949 
 16 ; 1 ; 9 ;ARIO;0.09208; 30584 
 16 ; 1 ; 29 ;CHURUMUCO;0.04476; 14866 
 16 ; 1 ; 35 ;HUACANA, LA;0.10310; 34245 
 16 ; 1 ; 56 ;MUGICA;0.12909; 42877 
 16 ; 1 ; 60 ;NUEVO URECHO;0.02656; 8821 
 16 ; 1 ; 65 ;PARACUARO;0.07186; 23868 
 16 ; 1 ; 69 ;PERIBAN;0.06099; 20256 
 16 ; 1 ; 84 ;TANCITARO;0.07729; 25670 
;;;;;;;;;;;;;;
;;;;;;;;;;;;;;
 16 ; 2 ; 2 ;AGUILILLA;0.05915; 19645 
 16 ; 2 ; 8 ;AQUILA;0.06669; 22152 
 16 ; 2 ; 10 ;ARTEAGA;0.07041; 23386 
 16 ; 2 ; 12 ;BUENAVISTA;0.11498; 38188 
 16 ; 2 ; 14 ;COAHUAYANA;0.04207; 13974 
 16 ; 2 ; 15 ;COALCOMAN DE VAZQUEZ PALLARES;0.06535; 21706 
 16 ; 2 ; 26 ;CHINICUILA;0.02068; 6870 
 16 ; 2 ; 50 ;LAZARO CARDENAS;0.51515; 171100 
 16 ; 2 ; 90 ;TEPALCATEPEC;0.07267; 24135 
 16 ; 2 ; 97 ;TUMBISCATIO;0.03057; 10153 
;;;;;;;;;;;;;;
;;;;;;;;;;;;;;
 16 ; 3 ; 1 ;ACUITZIO;0.02991; 9933 
 16 ; 3 ; 13 ;CARACUARO;0.03116; 10351 
 16 ; 3 ; 38 ;HUETAMO;0.13681; 45441 
 16 ; 3 ; 47 ;JUAREZ;0.03507; 11648 
 16 ; 3 ; 48 ;JUNGAPEO;0.05596; 18586 
 16 ; 3 ; 51 ;MADERO;0.05004; 16620 
 16 ; 3 ; 58 ;NOCUPETARO;0.02627; 8724 
 16 ; 3 ; 78 ;SAN LUCAS;0.05873; 19506 
 16 ; 3 ; 80 ;SALVADOR ESCALANTE;0.11541; 38331 
 16 ; 3 ; 82 ;SUSUPUATO;0.02735; 9085 
 16 ; 3 ; 83 ;TACAMBARO;0.17821; 59192 
 16 ; 3 ; 93 ;TIQUICHEO DE NICOLAS ROMERO;0.05015; 16656 
 16 ; 3 ; 98 ;TURICATO;0.10861; 36072 
 16 ; 3 ; 99 ;TUXPAN;0.07214; 23959 
 16 ; 3 ; 100 ;TUZANTLA;0.05450; 18103 
;;;;;;;;;;;;;;
;;;;;;;;;;;;;;
 16 ; 4 ; 16 ;COENEO;0.06991; 23221 
 16 ; 4 ; 21 ;CHARAPAN;0.03281; 10898 
 16 ; 4 ; 24 ;CHERAN;0.04890; 16243 
 16 ; 4 ; 25 ;CHILCHOTA;0.09246; 30711 
 16 ; 4 ; 32 ;ERONGARICUARO;0.03962; 13161 
 16 ; 4 ; 39 ;HUIRAMBA;0.02021; 6711 
 16 ; 4 ; 49 ;LAGUNILLAS;0.01546; 5136 
 16 ; 4 ; 57 ;NAHUATZEN;0.06991; 23221 
 16 ; 4 ; 66 ;PARACHO;0.09362; 31096 
 16 ; 4 ; 67 ;PATZCUARO;0.23446; 77872 
 16 ; 4 ; 74 ;QUIROGA;0.07194; 23893 
 16 ; 4 ; 101 ;TZINTZUNTZAN;0.03738; 12414 
 16 ; 4 ; 108 ;ZACAPU;0.20985; 69700 
;;;;;;;;;;;;;;
;;;;;;;;;;;;;;
 16 ; 5 ; 5 ;ANGANGUEO;0.03097; 10287 
 16 ; 5 ; 7 ;APORO;0.00851; 2826 
 16 ; 5 ; 17 ;CONTEPEC;0.09065; 30107 
 16 ; 5 ; 31 ;EPITACIO HUERTA;0.04794; 15923 
 16 ; 5 ; 41 ;IRIMBO;0.03992; 13260 
 16 ; 5 ; 52 ;MARAVATIO;0.20889; 69382 
 16 ; 5 ; 62 ;OCAMPO;0.05661; 18804 
 16 ; 5 ; 81 ;SENGUIO;0.05173; 17181 
 16 ; 5 ; 94 ;TLALPUJAHUA;0.07645; 25392 
 16 ; 5 ; 113 ;ZITACUARO;0.41564; 138050 
;;;;;;;;;;;;;;
;;;;;;;;;;;;;;
 16 ; 6 ; 3 ;ALVARO OBREGON;0.05872; 19502 
 16 ; 6 ; 18 ;COPANDARO;0.02755; 9151 
 16 ; 6 ; 20 ;CUITZEO;0.07909; 26269 
 16 ; 6 ; 22 ;CHARO;0.05771; 19169 
 16 ; 6 ; 34 ;HIDALGO;0.32041; 106421 
 16 ; 6 ; 36 ;HUANDACAREO;0.03555; 11808 
 16 ; 6 ; 40 ;INDAPARAPEO;0.04920; 16341 
 16 ; 6 ; 73 ;QUERENDARO;0.04046; 13438 
 16 ; 6 ; 79 ;SANTA ANA MAYA;0.04201; 13952 
 16 ; 6 ; 89 ;TARIMBARO;0.11865; 39408 
 16 ; 6 ; 102 ;TZITZIO;0.03349; 11124 
 16 ; 6 ; 111 ;ZINAPECUARO;0.14728; 48917 
;;;;;;;;;;;;;;
;;;;;;;;;;;;;;
 16 ; 7 ; 33 ;GABRIEL ZAMORA;0.06026; 20015 
 16 ; 7 ; 59 ;NUEVO PARANGARICUTIRO;0.04600; 15280 
 16 ; 7 ; 88 ;TARETAN;0.04000; 13287 
 16 ; 7 ; 91 ;TINGAMBATO;0.03535; 11742 
 16 ; 7 ; 103 ;URUAPAN;0.79996; 265699 
 16 ; 7 ; 112 ;ZIRACUARETIRO;0.03878; 12879 
;;;;;;;;;;;;;;
;;;;;;;;;;;;;;
 16 ; 8 ; 4 ;ANGAMACUTIRO;0.04549; 15108 
 16 ; 8 ; 27 ;CHUCANDIRO;0.02247; 7463 
 16 ; 8 ; 28 ;CHURINTZIO;0.02131; 7077 
 16 ; 8 ; 37 ;HUANIQUEO;0.03057; 10153 
 16 ; 8 ; 44 ;JIMENEZ;0.04345; 14430 
 16 ; 8 ; 46 ;JOSE SIXTO VERDUZCO;0.07979; 26500 
 16 ; 8 ; 55 ;MORELOS;0.03286; 10914 
 16 ; 8 ; 61 ;NUMARAN;0.02921; 9703 
 16 ; 8 ; 64 ;PANINDICUARO;0.05571; 18504 
 16 ; 8 ; 68 ;PENJAMILLO;0.06051; 20097 
 16 ; 8 ; 70 ;PIEDAD, LA;0.25575; 84946 
 16 ; 8 ; 71 ;PUREPERO;0.04717; 15666 
 16 ; 8 ; 72 ;PURUANDIRO;0.21608; 71770 
 16 ; 8 ; 95 ;TLAZAZALCA;0.02659; 8830 
 16 ; 8 ; 110 ;ZINAPARO;0.01230; 4084 
;;;;;;;;;;;;;;
;;;;;;;;;;;;;;
 16 ; 9 ; 11 ;BRISEVAS;0.02903; 9641 
 16 ; 9 ; 19 ;COTIJA;0.06374; 21169 
 16 ; 9 ; 23 ;CHAVINDA;0.03302; 10968 
 16 ; 9 ; 45 ;JIQUILPAN;0.10956; 36389 
 16 ; 9 ; 53 ;MARCOS CASTELLANOS;0.03383; 11235 
 16 ; 9 ; 63 ;PAJACUARAN;0.05928; 19688 
 16 ; 9 ; 75 ;REGULES;0.02982; 9905 
 16 ; 9 ; 76 ;REYES, LOS;0.17163; 57006 
 16 ; 9 ; 77 ;SAHUAYO;0.18334; 60894 
 16 ; 9 ; 85 ;TANGAMANDAPIO;0.07902; 26245 
 16 ; 9 ; 92 ;TINGUINDIN;0.03864; 12833 
 16 ; 9 ; 96 ;TOCUMBO;0.03407; 11315 
 16 ; 9 ; 104 ;VENUSTIANO CARRANZA;0.06778; 22512 
 16 ; 9 ; 105 ;VILLAMAR;0.06196; 20579 
;;;;;;;;;;;;;;
;;;;;;;;;;;;;;
 16 ; 10 ; 30 ;ECUANDUREO;0.04491; 14915 
 16 ; 10 ; 42 ;IXTLAN;0.04333; 14393 
 16 ; 10 ; 43 ;JACONA;0.16297; 54130 
 16 ; 10 ; 86 ;TANGANCICUARO;0.09882; 32821 
 16 ; 10 ; 87 ;TANHUATO;0.04339; 14413 
 16 ; 10 ; 106 ;VISTA HERMOSA;0.05325; 17687 
 16 ; 10 ; 107 ;YURECUARO;0.08036; 26691 
 16 ; 10 ; 109 ;ZAMORA;0.48750; 161918 
;;;;;;;;;;;;;;
;;;;;;;;;;;;;;
 16 ; 11 ; 54 ;MORELIA;0.93340; 310019 
;;;;;;;;;;;;;;
;;;;;;;;;;;;;;
 16 ; 12 ; 54 ;MORELIA;0.93489; 310513 
