EDO;DTO;MPO;NOMBRE;FCTMPAL;POB00
 26 ; 1 ; 3 ;ALTAR;0.02290; 7253 
 26 ; 1 ; 6 ;ATIL;0.00227; 718 
 26 ; 1 ; 14 ;BENJAMIN HILL;0.01810; 5732 
 26 ; 1 ; 31 ;OQUITOA;0.00127; 402 
 26 ; 1 ; 36 ;SANTA ANA;0.04271; 13526 
 26 ; 1 ; 38 ;SARIC;0.00713; 2257 
 26 ; 1 ; 42 ;TRINCHERAS;0.00554; 1756 
 26 ; 1 ; 43 ;TUBUTAMA;0.00568; 1798 
 26 ; 1 ; 46 ;CABORCA;0.21949; 69516 
 26 ; 1 ; 52 ;PITIQUITO;0.02916; 9236 
 26 ; 1 ; 53 ;PUERTO PE\ASCO;0.09838; 31157 
 26 ; 1 ; 55 ;SAN LUIS RIO COLORADO;0.45785; 145006 
 26 ; 1 ; 70 ;GENERAL PLUTARCO ELIAS CALLES;0.03561; 11278 
;;;;;;;;;;;;;;
;;;;;;;;;;;;;;
 26 ; 2 ; 62 ;ALAMOS;0.07942; 25152 
 26 ; 2 ; 63 ;ETCHOJOA;0.17723; 56129 
 26 ; 2 ; 64 ;HUATABAMPO;0.24090; 76296 
 26 ; 2 ; 65 ;NAVOJOA;0.44410; 140650 
 26 ; 2 ; 67 ;QUIRIEGO;0.01053; 3335 
 26 ; 2 ; 68 ;ROSARIO DE TESOPACO;0.01715; 5432 
 26 ; 2 ; 71 ;BENITO JUAREZ;0.06887; 21813 
;;;;;;;;;;;;;;
;;;;;;;;;;;;;;
 26 ; 3 ; 1 ;ACONCHI;0.00764; 2420 
 26 ; 3 ; 4 ;ARIVECHI;0.00469; 1484 
 26 ; 3 ; 7 ;BACADEHUACHI;0.00426; 1348 
 26 ; 3 ; 8 ;BACANORA;0.00298; 943 
 26 ; 3 ; 9 ;BACERAC;0.00431; 1366 
 26 ; 3 ; 11 ;BANAMICHI;0.00469; 1484 
 26 ; 3 ; 12 ;BAVIACORA;0.01176; 3724 
 26 ; 3 ; 13 ;BAVISPE;0.00435; 1377 
 26 ; 3 ; 17 ;CUMPAS;0.01958; 6202 
 26 ; 3 ; 18 ;DIVISADEROS;0.00260; 825 
 26 ; 3 ; 20 ;GRANADOS;0.00390; 1235 
 26 ; 3 ; 21 ;HUACHINERA;0.00362; 1147 
 26 ; 3 ; 22 ;HUASABAS;0.00305; 966 
 26 ; 3 ; 23 ;HUEPAC;0.00361; 1142 
 26 ; 3 ; 26 ;MOCTEZUMA;0.01322; 4187 
 26 ; 3 ; 28 ;NACORI CHICO;0.00706; 2236 
 26 ; 3 ; 29 ;NACOZARI DE GARCIA;0.04536; 14365 
 26 ; 3 ; 32 ;SAHUARIPA;0.02021; 6400 
 26 ; 3 ; 33 ;SAN FELIPE DE JESUS;0.00131; 416 
 26 ; 3 ; 34 ;SAN JAVIER;0.00088; 279 
 26 ; 3 ; 35 ;SAN PEDRO DE LA CUEVA;0.00538; 1703 
 26 ; 3 ; 39 ;SOYOPA;0.00521; 1649 
 26 ; 3 ; 40 ;SUAQUI GRANDE;0.00371; 1175 
 26 ; 3 ; 41 ;TEPACHE;0.00486; 1539 
 26 ; 3 ; 44 ;VILLA HIDALGO;0.00627; 1986 
 26 ; 3 ; 45 ;VILLA PESQUEIRA;0.00502; 1590 
 26 ; 3 ; 47 ;CARBO;0.01574; 4984 
 26 ; 3 ; 48 ;COLORADA, LA;0.00728; 2306 
 26 ; 3 ; 50 ;MAZATAN;0.00500; 1584 
 26 ; 3 ; 51 ;OPODEPE;0.00894; 2831 
 26 ; 3 ; 54 ;RAYON;0.00502; 1591 
 26 ; 3 ; 56 ;SAN MIGUEL DE HORCASITAS;0.01776; 5626 
 26 ; 3 ; 57 ;URES;0.03020; 9565 
 26 ; 3 ; 58 ;BACUM;0.06732; 21322 
 26 ; 3 ; 60 ;EMPALME;0.15783; 49987 
 26 ; 3 ; 61 ;GUAYMAS;0.41151; 130329 
 26 ; 3 ; 66 ;ONAVAS;0.00151; 479 
 26 ; 3 ; 69 ;YECORA;0.01916; 6069 
 26 ; 3 ; 72 ;SAN IGNACIO RIO MUERTO;0.04323; 13692 
;;;;;;;;;;;;;;
;;;;;;;;;;;;;;
 26 ; 4 ; 2 ;AGUA PRIETA;0.19559; 61944 
 26 ; 4 ; 5 ;ARIZPE;0.01072; 3396 
 26 ; 4 ; 10 ;BACOACHI;0.00472; 1496 
 26 ; 4 ; 15 ;CANANEA;0.10123; 32061 
 26 ; 4 ; 16 ;CUCURPE;0.00296; 937 
 26 ; 4 ; 19 ;FRONTERAS;0.02463; 7801 
 26 ; 4 ; 24 ;IMURIS;0.03154; 9988 
 26 ; 4 ; 25 ;MAGDALENA DE KINO;0.07719; 24447 
 26 ; 4 ; 27 ;NACO;0.01696; 5370 
 26 ; 4 ; 30 ;NOGALES;0.50452; 159787 
 26 ; 4 ; 37 ;SANTA CRUZ;0.00514; 1628 
;;;;;;;;;;;;;;
;;;;;;;;;;;;;;
 26 ; 5 ; 49 ;HERMOSILLO;0.96231; 304774 
;;;;;;;;;;;;;;
;;;;;;;;;;;;;;
 26 ; 6 ; 49 ;HERMOSILLO;0.96320; 305055 
;;;;;;;;;;;;;;
;;;;;;;;;;;;;;
 26 ; 7 ; 59 ;CAJEME;1.12497; 356290 
