Entidad|Distrito|Distrito_nuevo|Municipio|MUNICIPIO_VIRTUAL|Seccion|SECCION_VIRTUAL
23|1|3|1||1|
23|1|3|1||2|
23|1|3|1||3|
23|1|2|1||4|
23|1|2|1||5|
23|1|2|1||6|
23|1|2|1||7|
23|1|2|1||8|
23|1|2|1||9|
23|1|2|1||10|
23|1|3|1||11|
23|1|2|1||12|
23|1|2|1||13|
23|1|2|1||14|
23|1|2|1||15|
23|1|2|1||16|
23|1|2|1||17|
23|1|3|1||18|
23|1|3|1||19|
23|1|3|1||20|
23|1|3|1||21|
23|1|3|1||22|
23|1|3|1||23|
23|1|3|1||24|
23|1|3|1||25|
23|1|3|1||26|
23|1|3|1||27|
23|1|3|1||28|
23|1|3|1||29|
23|1|3|1||30|
23|1|3|1||31|
23|1|3|1||32|
23|1|2|1||33|
23|1|2|1||34|
23|1|2|1||35|
23|1|2|1||36|
23|1|2|1||37|
23|1|2|1||38|
23|1|2|1||39|
23|1|2|1||40|
23|1|3|1||41|
23|1|3|1||42|
23|1|3|1||43|
23|1|3|1||44|
23|1|3|1||45|
23|1|3|1||46|
23|1|2|1||47|
23|1|2|1||48|
23|1|2|1||49|
23|1|2|1||50|
23|1|2|1||51|
23|1|2|1||52|
23|1|2|1||53|
23|1|2|1||54|
23|1|3|1||55|
23|1|3|1||56|
23|1|3|1||57|
23|1|3|1||58|
23|1|3|1||59|
23|1|3|1||60|
23|1|3|1||61|
23|1|3|1||62|
23|1|3|1||63|
23|1|3|1||64|
23|1|3|1||65|
23|1|3|1||66|
23|1|3|1||67|
23|1|3|1||68|
23|1|3|1||69|
23|1|2|1||70|
23|1|2|1||71|
23|1|2|1||72|
23|1|3|1||73|
23|1|3|1||74|
23|1|3|1||75|
23|1|3|1||76|
23|1|3|1||77|
23|1|3|1||78|
23|1|3|1||79|
23|1|3|1||80|
23|1|3|1||81|
23|1|3|1||82|
23|1|3|1||83|
23|1|3|1||84|
23|1|2|1||85|
23|1|2|1||86|
23|1|2|1||87|
23|1|2|1||88|
23|1|2|1||89|
23|1|2|1||90|
23|1|2|1||91|
23|1|2|1||92|
23|1|2|1||93|
23|1|2|1||94|
23|1|2|1||95|
23|1|2|1||96|
23|1|2|1||97|
23|1|3|1||98|
23|1|3|1||99|
23|1|3|1||100|
23|1|3|1||101|
23|1|3|1||102|
23|1|3|1||103|
23|1|3|1||104|
23|1|3|1||105|
23|1|3|1||106|
23|1|3|1||107|
23|1|3|1||108|
23|1|3|1||109|
23|1|3|1||110|
23|1|2|1||111|
23|1|2|1||112|
23|1|2|1||113|
23|1|2|1||114|
23|1|2|1||115|
23|1|2|1||116|
23|1|2|1||117|
23|1|2|1||118|
23|1|2|1||119|
23|1|2|1||120|
23|1|2|1||121|
23|1|3|1||122|
23|1|3|1||123|
23|1|3|1||124|
23|1|3|1||125|
23|1|3|1||126|
23|1|3|1||127|
23|1|3|1||128|
23|1|3|1||129|
23|1|3|1||130|
23|1|3|1||131|
23|1|3|1||132|
23|1|3|1||133|
23|1|3|1||134|
23|1|2|1||135|
23|1|2|1||136|
23|1|2|1||137|
23|1|3|1||138|
23|1|3|1||139|
23|1|3|1||140|
23|1|3|1||141|
23|1|3|1||142|
23|1|3|1||143|
23|1|2|1||144|
23|1|3|1||145|
23|1|3|1||146|
23|1|3|1||147|
23|1|3|1||148|
23|1|3|1||149|
23|1|3|1||150|
23|1|3|1||151|
23|1|3|1||152|
23|1|3|1||153|
23|1|2|1||154|
23|1|3|1||155|
23|1|3|1||156|
23|1|3|1||157|
23|1|3|1||158|
23|1|3|1||159|
23|1|3|1||160|
23|1|3|1||161|
23|1|3|1||162|
23|1|3|1||163|
23|1|3|1||164|
23|1|3|1||165|
23|1|3|1||166|
23|1|3|1||167|
23|1|3|1||168|
23|1|2|1||169|
23|1|3|1||170|
23|1|2|1||171|
23|1|2|1||172|
23|1|3|1||173|
23|1|3|1||174|
23|1|3|1||175|
23|1|2|1||176|
23|1|2|1||177|
23|1|2|1||178|
23|1|2|1||179|
23|1|2|1||180|
23|1|2|1||181|
23|1|2|2||182|
23|1|2|2||183|
23|1|2|2||184|
23|1|2|2||185|
23|1|2|2||186|
23|1|2|2||187|
23|1|2|2||188|
23|1|2|2||189|
23|1|2|2||190|
23|1|2|2||191|
23|1|2|2||192|
23|1|2|2||193|
23|1|2|2||194|
23|1|2|2||195|
23|1|2|2||196|
23|1|2|2||197|
23|1|2|2||198|
23|1|2|2||199|
23|1|2|2||200|
23|1|2|2||201|
23|1|2|2||202|
23|1|2|2||203|
23|1|2|4||252|
23|1|2|4||253|
23|1|2|4||254|
23|1|2|4||255|
23|1|2|4||256|
23|1|2|4||257|
23|1|2|4||258|
23|1|2|4||259|
23|1|2|4||260|
23|1|2|4||261|
23|1|2|6||284|
23|1|2|6||285|
23|1|2|6||286|
23|1|2|6||287|
23|1|2|6||288|
23|1|2|6||289|
23|1|2|6||290|
23|1|2|6||291|
23|1|2|6||292|
23|1|2|6||293|
23|1|2|6||294|
23|1|2|6||295|
23|1|2|6||296|
23|1|2|6||297|
23|1|2|8||204|
23|1|2|8||205|
23|1|2|8||206|
23|1|2|8||207|
23|1|2|8||208|
23|1|2|8||209|
23|1|2|8||210|
23|1|2|8||211|
23|1|2|8||212|
23|1|2|8||213|
23|1|2|8||214|
23|2|1|3||215|
23|2|1|3||216|
23|2|1|3||217|
23|2|1|3||218|
23|2|1|3||219|
23|2|1|3||220|
23|2|1|3||221|
23|2|1|3||222|
23|2|1|3||223|
23|2|1|3||224|
23|2|1|3||225|
23|2|1|3||226|
23|2|1|3||227|
23|2|1|3||228|
23|2|1|3||229|
23|2|1|3||230|
23|2|1|3||231|
23|2|1|3||232|
23|2|1|3||233|
23|2|1|3||234|
23|2|1|3||235|
23|2|1|3||236|
23|2|1|3||237|
23|2|1|3||238|
23|2|1|3||239|
23|2|1|3||240|
23|2|1|3||241|
23|2|1|3||242|
23|2|1|3||243|
23|2|1|3||244|
23|2|1|3||245|
23|2|1|3||246|
23|2|1|3||247|
23|2|1|3||248|
23|2|1|3||249|
23|2|1|3||250|
23|2|1|3||251|
23|2|1|5||262|
23|2|1|5||263|
23|2|1|5||264|
23|2|1|5||265|
23|2|1|5||266|
23|2|1|5||267|
23|2|1|5||268|
23|2|1|5||269|
23|2|1|5||270|
23|2|1|5||271|
23|2|1|5||272|
23|2|1|5||273|
23|2|1|5||274|
23|2|1|5||275|
23|2|1|5||276|
23|2|1|5||277|
23|2|1|5||278|
23|2|1|5||279|
23|2|1|5||280|
23|2|1|5||281|
23|2|1|5||282|
23|2|1|5||283|
23|2|1|7||298|
23|2|1|7||299|
23|2|1|7||300|
23|2|1|7||301|
23|2|1|7||302|
23|2|1|7||303|
23|2|1|7||304|
23|2|1|7||305|
23|2|1|7||306|
23|2|1|7||307|
23|2|1|7||308|
23|2|1|7||309|
23|2|1|7||310|
23|2|1|7||311|
23|2|1|7||312|
23|2|1|7||313|
23|2|1|7||314|
23|2|1|7||315|
23|2|1|7||316|
23|2|1|7||317|
23|2|1|7||318|
23|2|1|7||319|
23|2|1|7||320|
23|2|1|7||321|
23|2|1|7||322|
23|2|1|7||323|
23|2|1|7||324|
23|2|1|7||325|
23|2|1|7||326|
23|2|1|7||327|
23|2|1|7||328|
23|2|1|7||329|
23|2|1|7||330|
23|2|1|7||331|
23|2|1|7||332|
23|2|1|7||333|
23|2|1|7||334|
23|2|1|7||335|
23|2|1|7||336|
23|2|1|7||337|
23|2|1|7||338|
23|2|1|7||339|
23|2|1|7||340|
23|2|1|7||341|
23|2|1|7||342|
23|2|1|7||343|
23|2|1|7||344|
23|2|1|7||345|
23|2|1|7||346|
23|2|1|7||347|
23|2|1|7||348|
23|2|1|7||349|
23|2|1|7||350|
23|2|1|7||351|
23|2|1|7||352|
23|2|1|7||353|
23|2|1|7||354|
23|2|1|7||355|
23|2|1|7||356|
23|2|1|7||357|
23|2|1|7||358|
23|2|1|7||359|
23|2|1|7||360|
23|2|1|7||361|
23|2|1|7||362|
23|2|1|7||363|
23|2|1|7||364|
23|2|1|7||365|
23|2|1|7||366|
23|2|1|7||367|
23|2|1|7||368|
23|2|1|7||369|
23|2|1|7||370|
23|2|1|7||371|
23|2|1|7||372|
23|2|1|7||373|
23|2|1|7||374|
23|2|1|7||375|
23|2|1|7||376|
23|2|1|7||377|
23|2|1|7||378|
23|2|1|7||379|
23|2|1|7||380|
23|2|1|7||381|
23|2|1|7||382|
23|2|1|7||383|
23|2|1|7||384|
23|2|1|7||385|
23|2|1|7||386|
23|2|1|7||387|
23|2|1|7||388|
23|2|1|7||389|
23|2|1|7||390|
23|2|1|7||391|
23|2|1|7||392|
23|2|1|7||393|
23|2|1|7||394|
23|2|1|7||395|
23|2|1|7||396|
23|2|1|7||397|
23|2|1|7||398|
23|2|1|7||399|
23|2|1|7||400|
23|2|1|7||401|
23|2|1|7||402|
23|2|1|7||403|
23|2|1|7||404|
23|2|1|7||405|
23|2|1|7||406|
23|2|1|7||407|
23|2|1|7||408|
23|2|1|7||409|
23|2|1|7||410|
23|2|1|7||411|
23|2|1|7||412|
23|2|1|7||413|
23|2|1|7||414|
23|2|1|7||415|
23|2|1|7||416|
23|2|1|7||417|
23|2|1|7||418|
23|2|1|7||419|
23|2|1|7||420|
23|2|1|7||421|
23|2|1|7||422|
23|2|1|7||423|
23|2|1|7||424|
23|2|1|7||425|
23|2|1|7||426|
23|2|1|7||427|
23|2|1|7||428|
23|2|1|7||429|
23|2|1|7||430|
23|2|1|7||431|
23|2|1|7||432|
23|2|1|7||433|
23|2|1|7||434|
23|2|1|7||435|
23|2|1|7||436|
23|2|1|7||437|
23|2|1|7||438|
23|2|1|7||439|
23|2|1|7||440|
23|2|1|7||441|
23|2|1|7||442|
23|2|1|7||443|
23|2|1|7||444|
23|2|1|7||445|
23|2|1|7||446|
23|2|1|7||447|
23|2|1|7||448|
23|2|1|7||449|
23|2|1|7||450|
