Entidad|Distrito|Distrito_nuevo|Municipio|MUNICIPIO_VIRTUAL|Seccion|SECCION_VIRTUAL
24|1|2|6||98|
24|1|2|6||99|
24|1|2|6||100|
24|1|2|6||101|
24|1|2|6||102|
24|1|2|6||103|
24|1|2|6||104|
24|1|2|6||105|
24|1|2|6||106|
24|1|2|6||107|
24|1|2|6||108|
24|1|2|6||109|
24|1|2|6||110|
24|1|2|6||111|
24|1|2|6||112|
24|1|2|6||113|
24|1|2|6||114|
24|1|2|6||115|
24|1|2|6||116|
24|1|2|6||117|
24|1|2|6||118|
24|1|2|7||119|
24|1|2|7||120|
24|1|2|7||121|
24|1|2|7||122|
24|1|2|7||123|
24|1|2|7||124|
24|1|2|7||125|
24|1|2|7||126|
24|1|2|7||127|
24|1|2|7||128|
24|1|2|7||129|
24|1|2|7||130|
24|1|2|7||131|
24|1|2|7||132|
24|1|2|7||133|
24|1|2|7||134|
24|1|2|7||135|
24|1|2|15||384|
24|1|2|15||385|
24|1|2|15||386|
24|1|2|15||387|
24|1|2|15||388|
24|1|2|15||389|
24|1|2|15||390|
24|1|2|15||391|
24|1|2|15||392|
24|1|2|15||393|
24|1|2|15||394|
24|1|2|15||395|
24|1|2|15||396|
24|1|2|15||397|
24|1|2|15||398|
24|1|2|15||399|
24|1|2|15||400|
24|1|2|15||401|
24|1|2|15||402|
24|1|2|15||403|
24|1|2|15||404|
24|1|3|17||437|
24|1|3|17||438|
24|1|3|17||439|
24|1|3|17||440|
24|1|3|17||441|
24|1|3|17||442|
24|1|3|17||443|
24|1|3|17||444|
24|1|3|17||445|
24|1|3|17||446|
24|1|3|17||447|
24|1|3|17||448|
24|1|3|17||449|
24|1|3|17||450|
24|1|3|17||451|
24|1|3|17||452|
24|1|3|17||453|
24|1|3|17||454|
24|1|3|17||455|
24|1|3|17||456|
24|1|3|17||457|
24|1|3|17||458|
24|1|3|17||459|
24|1|3|17||460|
24|1|3|17||461|
24|1|3|17||462|
24|1|3|17||463|
24|1|3|17||464|
24|1|3|17||465|
24|1|3|17||466|
24|1|3|17||467|
24|1|2|20||490|
24|1|2|20||491|
24|1|2|20||492|
24|1|2|20||493|
24|1|2|20||494|
24|1|2|20||495|
24|1|2|20||496|
24|1|2|20||497|
24|1|2|20||498|
24|1|2|20||499|
24|1|2|20||500|
24|1|2|20||501|
24|1|2|20||502|
24|1|2|20||503|
24|1|2|20||504|
24|1|2|20||505|
24|1|2|20||506|
24|1|2|20||507|
24|1|2|20||508|
24|1|2|20||509|
24|1|2|20||510|
24|1|2|20||511|
24|1|2|20||512|
24|1|2|20||513|
24|1|2|20||514|
24|1|2|20||515|
24|1|2|20||516|
24|1|2|20||517|
24|1|2|20||518|
24|1|2|20||519|
24|1|2|20||520|
24|1|2|20||521|
24|1|2|20||522|
24|1|2|20||523|
24|1|2|20||524|
24|1|2|20||525|
24|1|2|20||526|
24|1|2|20||527|
24|1|2|20||528|
24|1|2|20||529|
24|1|2|20||530|
24|1|2|20||531|
24|1|2|20||532|
24|1|2|20||533|
24|1|2|20||534|
24|1|2|20||535|
24|1|2|20||536|
24|1|2|20||537|
24|1|2|20||538|
24|1|2|20||539|
24|1|2|20||540|
24|1|2|20||541|
24|1|2|20||542|
24|1|2|20||543|
24|1|2|20||544|
24|1|2|20||545|
24|1|2|20||546|
24|1|2|20||547|
24|1|2|20||548|
24|1|2|20||549|
24|1|2|20||550|
24|1|2|20||551|
24|1|2|20||552|
24|1|2|20||553|
24|1|2|20||554|
24|1|2|22||591|
24|1|2|22||592|
24|1|2|22||593|
24|1|2|22||594|
24|1|2|22||595|
24|1|2|22||596|
24|1|2|22||597|
24|1|2|22||598|
24|1|2|22||599|
24|1|2|22||600|
24|1|2|22||601|
24|1|2|22||602|
24|1|2|22||603|
24|1|2|22||604|
24|1|2|22||605|
24|1|2|22||606|
24|1|2|22||607|
24|1|2|22||608|
24|1|2|22||609|
24|1|2|22||610|
24|1|2|22||611|
24|1|2|22||612|
24|1|2|22||613|
24|1|2|22||614|
24|1|2|22||615|
24|1|2|25||724|
24|1|2|25||725|
24|1|2|25||726|
24|1|2|25||727|
24|1|2|25||728|
24|1|2|25||729|
24|1|2|25||730|
24|1|2|25||731|
24|1|2|25||732|
24|1|2|25||733|
24|1|2|25||734|
24|1|2|25||735|
24|1|2|25||736|
24|1|2|25||737|
24|1|2|25||738|
24|1|2|25||739|
24|1|2|25||740|
24|1|2|25||741|
24|1|2|25||742|
24|1|2|25||743|
24|1|2|25||744|
24|1|2|25||745|
24|1|2|25||746|
24|1|2|25||747|
24|1|2|34||1221|
24|1|2|34||1222|
24|1|2|34||1223|
24|1|2|34||1224|
24|1|2|34||1225|
24|1|2|34||1226|
24|1|2|34||1227|
24|1|2|34||1228|
24|1|2|34||1229|
24|1|2|34||1230|
24|1|2|34||1231|
24|1|2|34||1232|
24|1|2|34||1233|
24|1|2|34||1234|
24|1|2|34||1235|
24|1|2|34||1236|
24|1|2|34||1237|
24|1|2|34||1238|
24|1|2|34||1239|
24|1|2|34||1240|
24|1|2|34||1241|
24|1|2|44||1520|
24|1|2|44||1521|
24|1|2|44||1522|
24|1|2|44||1523|
24|1|2|44||1524|
24|1|2|44||1525|
24|1|2|44||1526|
24|1|2|44||1527|
24|1|2|44||1528|
24|1|2|44||1529|
24|1|2|44||1530|
24|1|2|44||1531|
24|1|2|44||1532|
24|1|2|44||1533|
24|1|2|44||1534|
24|1|2|44||1535|
24|1|2|45||1536|
24|1|2|45||1537|
24|1|2|45||1538|
24|1|2|45||1539|
24|1|2|45||1540|
24|1|2|45||1541|
24|1|2|45||1542|
24|1|2|45||1543|
24|1|2|45||1544|
24|1|2|45||1545|
24|1|2|45||1546|
24|1|2|45||1547|
24|1|2|45||1548|
24|1|2|45||1549|
24|1|2|45||1550|
24|1|2|45||1551|
24|1|2|45||1552|
24|1|2|45||1553|
24|1|2|45||1554|
24|1|2|45||1555|
24|1|3|46||1556|
24|1|3|46||1557|
24|1|3|46||1558|
24|1|3|46||1559|
24|1|3|46||1560|
24|1|3|46||1561|
24|1|3|46||1562|
24|1|3|46||1563|
24|1|3|46||1564|
24|1|3|46||1565|
24|1|3|46||1566|
24|1|3|46||1567|
24|1|3|46||1568|
24|1|2|48||1587|
24|1|2|48||1588|
24|1|2|48||1589|
24|1|2|48||1590|
24|1|2|48||1591|
24|1|2|48||1592|
24|1|2|48||1593|
24|1|2|48||1594|
24|1|2|48||1595|
24|1|2|48||1596|
24|1|2|48||1597|
24|1|2|48||1598|
24|1|2|48||1599|
24|1|2|48||1600|
24|1|2|48||1601|
24|1|2|48||1602|
24|1|2|48||1603|
24|1|2|49||1604|
24|1|2|49||1605|
24|1|2|49||1606|
24|1|2|49||1607|
24|1|2|49||1608|
24|1|2|49||1609|
24|1|2|49||1610|
24|1|2|49||1611|
24|1|2|50||1612|
24|1|2|50||1613|
24|1|2|50||1614|
24|1|2|50||1615|
24|1|2|50||1616|
24|1|2|50||1617|
24|1|2|50||1618|
24|1|2|50||1619|
24|1|2|50||1620|
24|1|2|50||1621|
24|1|2|50||1622|
24|1|2|50||1623|
24|1|2|50||1624|
24|1|2|50||1625|
24|1|2|50||1626|
24|1|2|50||1627|
24|1|2|50||1628|
24|1|2|50||1629|
24|1|2|50||1630|
24|1|2|50||1631|
24|1|2|50||1632|
24|1|2|50||1633|
24|1|2|50||1634|
24|1|2|50||1635|
24|1|2|50||1636|
24|1|2|50||1637|
24|2|2|1||1|
24|2|2|1||2|
24|2|2|1||3|
24|2|2|1||4|
24|2|2|1||5|
24|2|2|1||6|
24|2|2|1||7|
24|2|2|1||8|
24|2|2|1||9|
24|2|2|1||10|
24|2|2|1||11|
24|2|2|1||12|
24|2|2|1||13|
24|2|2|1||14|
24|2|3|4||60|
24|2|3|4||61|
24|2|3|4||62|
24|2|3|4||63|
24|2|3|4||64|
24|2|3|4||65|
24|2|3|4||66|
24|2|3|4||67|
24|2|3|4||68|
24|2|3|4||69|
24|2|3|4||70|
24|2|3|4||71|
24|2|3|4||72|
24|2|3|4||73|
24|2|3|4||74|
24|2|3|4||75|
24|2|3|4||76|
24|2|3|4||77|
24|2|4|9||165|
24|2|4|9||166|
24|2|4|9||167|
24|2|4|9||168|
24|2|4|9||169|
24|2|4|9||170|
24|2|4|9||171|
24|2|4|9||172|
24|2|2|21||555|
24|2|2|21||556|
24|2|2|21||557|
24|2|2|21||558|
24|2|2|21||559|
24|2|2|21||560|
24|2|2|21||561|
24|2|2|21||562|
24|2|2|21||563|
24|2|2|21||564|
24|2|2|21||565|
24|2|2|21||566|
24|2|2|21||567|
24|2|2|21||568|
24|2|2|21||569|
24|2|2|21||570|
24|2|2|21||571|
24|2|2|21||572|
24|2|2|21||573|
24|2|2|21||574|
24|2|2|21||575|
24|2|2|21||576|
24|2|2|21||577|
24|2|2|21||578|
24|2|2|21||579|
24|2|2|21||580|
24|2|2|21||581|
24|2|2|21||582|
24|2|2|21||583|
24|2|2|21||584|
24|2|2|21||585|
24|2|2|21||586|
24|2|2|21||587|
24|2|2|21||588|
24|2|2|21||589|
24|2|2|21||590|
24|2|4|33||1188|
24|2|4|33||1189|
24|2|4|33||1190|
24|2|4|33||1191|
24|2|4|33||1192|
24|2|4|33||1193|
24|2|4|33||1194|
24|2|4|33||1195|
24|2|4|33||1196|
24|2|4|33||1197|
24|2|4|33||1198|
24|2|4|33||1199|
24|2|4|33||1200|
24|2|4|33||1201|
24|2|4|33||1202|
24|2|4|33||1203|
24|2|4|33||1204|
24|2|4|33||1205|
24|2|4|33||1206|
24|2|4|33||1207|
24|2|4|33||1208|
24|2|4|33||1209|
24|2|4|33||1210|
24|2|4|33||1211|
24|2|4|33||1212|
24|2|4|33||1213|
24|2|4|33||1214|
24|2|4|33||1215|
24|2|4|33||1216|
24|2|4|33||1217|
24|2|4|33||1218|
24|2|4|33||1219|
24|2|4|33||1220|
24|2|4|35||1242|
24|2|4|35||1243|
24|2|4|35||1244|
24|2|4|35||1245|
24|2|4|35||1246|
24|2|4|35||1247|
24|2|4|35||1248|
24|2|4|35||1249|
24|2|4|35||1250|
24|2|4|35||1251|
24|2|4|35||1252|
24|2|4|35||1253|
24|2|4|35||1254|
24|2|4|35||1255|
24|2|4|35||1256|
24|2|4|35||1257|
24|2|4|35||1258|
24|2|4|35||1259|
24|2|4|35||1260|
24|2|4|35||1261|
24|2|4|35||1262|
24|2|4|35||1263|
24|2|4|35||1264|
24|2|4|35||1265|
24|2|4|35||1266|
24|2|4|35||1267|
24|2|4|35||1268|
24|2|4|35||1269|
24|2|4|35||1270|
24|2|4|35||1271|
24|2|4|35||1272|
24|2|4|35||1273|
24|2|4|35||1274|
24|2|4|35||1275|
24|2|4|35||1276|
24|2|4|35||1277|
24|2|4|35||1278|
24|2|4|35||1279|
24|2|4|35||1280|
24|2|4|35||1281|
24|2|4|35||1282|
24|2|4|35||1283|
24|2|4|35||1284|
24|2|4|35||1285|
24|2|4|35||1286|
24|2|4|35||1287|
24|2|4|35||1288|
24|2|4|35||1289|
24|2|4|35||1290|
24|2|4|35||1291|
24|2|4|35||1292|
24|2|4|35||1293|
24|2|4|35||1294|
24|2|4|35||1295|
24|2|4|35||1296|
24|2|4|35||1297|
24|2|4|35||1298|
24|2|4|35||1299|
24|2|4|35||1300|
24|2|4|35||1301|
24|2|4|35||1302|
24|2|4|35||1303|
24|2|4|35||1304|
24|2|4|35||1305|
24|2|4|35||1306|
24|2|4|35||1307|
24|2|4|35||1308|
24|2|4|35||1309|
24|2|4|35||1310|
24|2|4|35||1311|
24|2|4|35||1312|
24|2|4|35||1313|
24|2|4|35||1314|
24|2|4|35||1315|
24|2|4|35||1316|
24|2|4|35||1317|
24|2|4|35||1318|
24|2|4|43||1507|
24|2|4|43||1508|
24|2|4|43||1509|
24|2|4|43||1510|
24|2|4|43||1511|
24|2|4|43||1512|
24|2|4|43||1513|
24|2|4|43||1514|
24|2|4|43||1515|
24|2|4|43||1516|
24|2|4|43||1517|
24|2|4|43||1518|
24|2|4|43||1519|
24|2|4|47||1569|
24|2|4|47||1570|
24|2|4|47||1571|
24|2|4|47||1572|
24|2|4|47||1573|
24|2|4|47||1574|
24|2|4|47||1575|
24|2|4|47||1576|
24|2|4|47||1577|
24|2|4|47||1578|
24|2|4|47||1579|
24|2|4|47||1580|
24|2|4|47||1581|
24|2|4|47||1582|
24|2|4|47||1583|
24|2|4|47||1584|
24|2|4|47||1585|
24|2|4|47||1586|
24|2|4|51||1638|
24|2|4|51||1639|
24|2|4|51||1640|
24|2|4|51||1641|
24|2|4|51||1642|
24|2|4|51||1643|
24|2|4|51||1644|
24|2|4|51||1645|
24|2|4|51||1646|
24|2|4|51||1647|
24|2|4|51||1648|
24|2|4|51||1649|
24|2|4|51||1650|
24|2|4|51||1651|
24|2|4|51||1652|
24|2|4|51||1653|
24|2|4|51||1654|
24|2|4|51||1655|
24|2|4|51||1656|
24|2|4|51||1657|
24|2|4|51||1658|
24|2|4|51||1659|
24|2|4|51||1660|
24|2|4|51||1661|
24|2|4|51||1662|
24|2|4|51||1663|
24|2|4|51||1664|
24|2|4|51||1665|
24|2|4|51||1666|
24|2|4|51||1667|
24|2|4|51||1668|
24|2|4|51||1669|
24|2|3|52||1670|
24|2|3|52||1671|
24|2|3|52||1672|
24|2|3|52||1673|
24|2|3|52||1674|
24|2|3|52||1675|
24|2|3|52||1676|
24|2|3|52||1677|
24|2|3|52||1678|
24|2|3|52||1679|
24|2|3|52||1680|
24|2|3|52||1681|
24|2|3|52||1682|
24|2|3|52||1683|
24|2|3|52||1684|
24|2|3|52||1685|
24|2|3|52||1686|
24|2|3|52||1687|
24|2|3|52||1688|
24|2|4|56||1773|
24|2|4|56||1774|
24|2|4|56||1775|
24|2|4|56||1776|
24|2|4|56||1777|
24|2|4|56||1778|
24|2|4|56||1779|
24|2|4|56||1780|
24|2|4|56||1781|
24|2|4|56||1782|
24|2|4|56||1783|
24|2|4|56||1784|
24|2|4|56||1785|
24|2|4|56||1786|
24|2|4|56||1787|
24|2|4|56||1788|
24|2|4|56||1789|
24|2|4|56||1790|
24|2|4|56||1791|
24|2|4|56||1792|
24|2|4|56||1793|
24|2|4|56||1794|
24|2|4|56||1795|
24|3|3|2||15|
24|3|3|2||16|
24|3|3|2||17|
24|3|3|2||18|
24|3|3|2||19|
24|3|3|2||20|
24|3|3|2||21|
24|3|3|2||22|
24|3|3|2||23|
24|3|3|2||24|
24|3|3|2||25|
24|3|3|2||26|
24|3|3|2||27|
24|3|3|2||28|
24|3|3|2||29|
24|3|3|2||30|
24|3|3|2||31|
24|3|3|2||32|
24|3|3|2||33|
24|3|3|5||78|
24|3|3|5||79|
24|3|3|5||80|
24|3|3|5||81|
24|3|3|5||82|
24|3|3|5||83|
24|3|3|5||84|
24|3|3|5||85|
24|3|3|5||86|
24|3|3|5||87|
24|3|3|5||88|
24|3|3|5||89|
24|3|3|5||90|
24|3|3|5||91|
24|3|3|5||92|
24|3|3|5||93|
24|3|3|5||94|
24|3|3|5||95|
24|3|3|5||96|
24|3|3|5||97|
24|3|3|8||136|
24|3|3|8||137|
24|3|3|8||138|
24|3|3|8||139|
24|3|3|8||140|
24|3|3|8||141|
24|3|3|8||142|
24|3|3|8||143|
24|3|3|8||144|
24|3|3|8||145|
24|3|3|8||146|
24|3|3|8||147|
24|3|3|8||148|
24|3|3|8||149|
24|3|3|8||150|
24|3|3|8||151|
24|3|3|8||152|
24|3|3|8||153|
24|3|3|8||154|
24|3|3|8||155|
24|3|3|8||156|
24|3|3|8||157|
24|3|3|8||158|
24|3|3|8||159|
24|3|3|8||160|
24|3|3|8||161|
24|3|3|8||162|
24|3|3|8||163|
24|3|3|8||164|
24|3|3|10||173|
24|3|3|10||174|
24|3|3|10||175|
24|3|3|10||176|
24|3|3|10||177|
24|3|3|10||178|
24|3|3|10||179|
24|3|3|10||181|
24|3|3|10||182|
24|3|3|10||183|
24|3|3|10||184|
24|3|3|10||185|
24|3|3|10||196|
24|3|3|10||197|
24|3|3|10||198|
24|3|3|10||199|
24|3|3|10||200|
24|3|3|10||201|
24|3|3|10||202|
24|3|3|10||206|
24|3|3|10||207|
24|3|3|10||208|
24|3|3|10||209|
24|3|3|10||210|
24|3|3|10||211|
24|3|3|10||214|
24|3|3|10||215|
24|3|3|10||216|
24|3|3|10||217|
24|3|3|10||218|
24|3|3|11||220|
24|3|3|11||221|
24|3|3|11||222|
24|3|3|11||223|
24|3|3|11||224|
24|3|3|11||225|
24|3|3|11||226|
24|3|3|11||227|
24|3|3|11||228|
24|3|3|11||229|
24|3|3|11||230|
24|3|3|11||231|
24|3|3|11||232|
24|3|3|11||233|
24|3|3|11||234|
24|3|3|11||235|
24|3|3|11||236|
24|3|3|11||237|
24|3|3|11||238|
24|3|3|11||239|
24|3|3|11||240|
24|3|3|11||241|
24|3|3|11||242|
24|3|3|11||243|
24|3|3|11||244|
24|3|3|11||245|
24|3|3|11||246|
24|3|3|11||247|
24|3|3|11||248|
24|3|3|11||249|
24|3|3|11||250|
24|3|3|19||478|
24|3|3|19||479|
24|3|3|19||480|
24|3|3|19||481|
24|3|3|19||482|
24|3|3|19||483|
24|3|3|19||484|
24|3|3|19||485|
24|3|3|19||486|
24|3|3|19||487|
24|3|3|19||488|
24|3|3|19||489|
24|3|3|23||616|
24|3|3|23||617|
24|3|3|23||618|
24|3|3|23||619|
24|3|3|23||620|
24|3|3|23||621|
24|3|3|23||622|
24|3|3|23||623|
24|3|3|23||624|
24|3|3|23||625|
24|3|3|23||626|
24|3|3|23||627|
24|3|3|23||628|
24|3|3|23||629|
24|3|3|23||630|
24|3|3|23||631|
24|3|3|23||632|
24|3|3|23||633|
24|3|3|24||634|
24|3|3|24||635|
24|3|3|24||636|
24|3|3|24||637|
24|3|3|24||638|
24|3|3|24||639|
24|3|3|24||640|
24|3|3|24||641|
24|3|3|24||642|
24|3|3|24||643|
24|3|3|24||644|
24|3|3|24||645|
24|3|3|24||646|
24|3|3|24||647|
24|3|3|24||648|
24|3|3|24||649|
24|3|3|24||650|
24|3|3|24||651|
24|3|3|24||652|
24|3|3|24||653|
24|3|3|24||654|
24|3|3|24||655|
24|3|3|24||656|
24|3|3|24||657|
24|3|3|24||658|
24|3|3|24||659|
24|3|3|24||660|
24|3|3|24||661|
24|3|3|24||662|
24|3|3|24||663|
24|3|3|24||664|
24|3|3|24||665|
24|3|3|24||666|
24|3|3|24||667|
24|3|3|24||668|
24|3|3|24||669|
24|3|3|24||670|
24|3|3|24||671|
24|3|3|24||672|
24|3|3|24||673|
24|3|3|24||674|
24|3|3|24||675|
24|3|3|24||676|
24|3|3|24||677|
24|3|3|24||678|
24|3|3|24||679|
24|3|3|24||680|
24|3|3|24||681|
24|3|3|24||682|
24|3|3|24||683|
24|3|3|24||684|
24|3|3|24||685|
24|3|3|24||686|
24|3|3|24||687|
24|3|3|24||688|
24|3|3|24||689|
24|3|3|24||690|
24|3|3|24||691|
24|3|3|24||692|
24|3|3|24||693|
24|3|3|24||694|
24|3|3|24||695|
24|3|3|24||696|
24|3|3|24||697|
24|3|3|24||698|
24|3|3|24||699|
24|3|3|24||700|
24|3|3|24||701|
24|3|3|24||702|
24|3|3|24||703|
24|3|3|24||704|
24|3|3|24||705|
24|3|3|24||706|
24|3|3|24||707|
24|3|3|24||708|
24|3|3|24||709|
24|3|3|24||710|
24|3|3|24||711|
24|3|3|24||712|
24|3|3|24||713|
24|3|3|24||714|
24|3|3|24||715|
24|3|3|24||716|
24|3|3|24||717|
24|3|3|24||718|
24|3|3|24||719|
24|3|3|24||720|
24|3|3|24||721|
24|3|3|24||722|
24|3|3|24||723|
24|3|3|27||757|
24|3|3|27||758|
24|3|3|27||759|
24|3|3|27||760|
24|3|3|27||761|
24|3|3|27||762|
24|3|3|27||763|
24|3|3|27||764|
24|3|3|27||765|
24|3|3|27||766|
24|3|3|27||767|
24|3|3|27||768|
24|3|3|27||769|
24|3|3|27||770|
24|3|3|27||771|
24|3|3|27||772|
24|3|3|30||1148|
24|3|3|30||1149|
24|3|3|30||1150|
24|3|3|30||1151|
24|3|3|30||1152|
24|3|3|30||1153|
24|3|3|30||1154|
24|3|3|30||1155|
24|3|3|30||1156|
24|3|3|30||1157|
24|3|3|30||1158|
24|3|3|30||1159|
24|3|1|32||1179|
24|3|1|32||1180|
24|3|1|32||1181|
24|3|1|32||1182|
24|3|1|32||1183|
24|3|1|32||1184|
24|3|1|32||1185|
24|3|1|32||1186|
24|3|1|32||1187|
24|3|1|36||1319|
24|3|1|36||1320|
24|3|1|36||1321|
24|3|1|36||1322|
24|3|1|36||1323|
24|3|1|36||1324|
24|3|1|36||1325|
24|3|1|36||1326|
24|3|1|36||1327|
24|3|1|36||1328|
24|3|1|36||1329|
24|3|1|36||1330|
24|3|1|36||1331|
24|3|1|36||1332|
24|3|1|36||1333|
24|3|1|36||1334|
24|3|1|36||1335|
24|3|3|53||1689|
24|3|3|53||1690|
24|3|3|53||1691|
24|3|3|53||1692|
24|3|3|53||1693|
24|3|3|53||1694|
24|3|3|53||1695|
24|3|3|53||1696|
24|3|3|53||1697|
24|3|3|53||1698|
24|3|3|53||1699|
24|3|3|53||1700|
24|3|3|53||1701|
24|3|3|53||1702|
24|3|3|53||1703|
24|3|3|53||1704|
24|4|1|13||266|
24|4|1|13||267|
24|4|1|13||268|
24|4|1|13||269|
24|4|1|13||270|
24|4|1|13||271|
24|4|1|13||272|
24|4|1|13||273|
24|4|1|13||274|
24|4|1|13||275|
24|4|1|13||276|
24|4|1|13||277|
24|4|1|13||278|
24|4|1|13||279|
24|4|1|13||280|
24|4|1|13||281|
24|4|1|13||282|
24|4|1|13||283|
24|4|1|13||284|
24|4|1|13||285|
24|4|1|13||286|
24|4|1|13||287|
24|4|1|13||288|
24|4|1|13||289|
24|4|1|13||290|
24|4|1|13||291|
24|4|1|13||292|
24|4|1|13||293|
24|4|1|13||294|
24|4|1|13||295|
24|4|1|13||296|
24|4|1|13||297|
24|4|1|13||298|
24|4|1|13||299|
24|4|1|13||300|
24|4|1|13||301|
24|4|1|13||302|
24|4|1|13||303|
24|4|1|13||304|
24|4|1|13||305|
24|4|1|13||306|
24|4|1|13||307|
24|4|1|13||308|
24|4|1|13||309|
24|4|1|13||310|
24|4|1|13||311|
24|4|1|13||312|
24|4|1|13||313|
24|4|1|13||314|
24|4|1|13||315|
24|4|1|13||316|
24|4|1|13||317|
24|4|1|13||318|
24|4|1|13||319|
24|4|1|13||320|
24|4|1|13||321|
24|4|1|13||322|
24|4|1|13||323|
24|4|1|13||324|
24|4|1|13||325|
24|4|1|13||326|
24|4|1|13||327|
24|4|1|13||328|
24|4|1|13||329|
24|4|1|13||330|
24|4|1|13||331|
24|4|1|13||332|
24|4|1|13||333|
24|4|1|13||334|
24|4|1|13||335|
24|4|1|13||336|
24|4|1|13||337|
24|4|1|13||338|
24|4|1|13||339|
24|4|1|13||340|
24|4|1|13||341|
24|4|1|13||342|
24|4|1|13||343|
24|4|1|13||344|
24|4|1|13||345|
24|4|1|13||346|
24|4|1|13||347|
24|4|1|13||348|
24|4|1|13||349|
24|4|1|13||350|
24|4|1|13||351|
24|4|1|13||352|
24|4|1|13||353|
24|4|1|13||354|
24|4|1|13||355|
24|4|1|13||356|
24|4|1|13||357|
24|4|1|13||358|
24|4|1|13||359|
24|4|1|13||360|
24|4|1|13||361|
24|4|1|13||362|
24|4|1|13||363|
24|4|1|13||364|
24|4|1|13||365|
24|4|1|13||366|
24|4|1|13||367|
24|4|1|13||368|
24|4|1|13||369|
24|4|1|13||370|
24|4|1|16||405|
24|4|1|16||406|
24|4|1|16||407|
24|4|1|16||408|
24|4|1|16||409|
24|4|1|16||410|
24|4|1|16||411|
24|4|1|16||412|
24|4|1|16||413|
24|4|1|16||414|
24|4|1|16||415|
24|4|1|16||416|
24|4|1|16||417|
24|4|1|16||418|
24|4|1|16||419|
24|4|1|16||420|
24|4|1|16||421|
24|4|1|16||422|
24|4|1|16||423|
24|4|1|16||424|
24|4|1|16||425|
24|4|1|16||426|
24|4|1|16||427|
24|4|1|16||428|
24|4|1|16||429|
24|4|1|16||430|
24|4|1|16||431|
24|4|1|16||432|
24|4|1|16||433|
24|4|1|16||434|
24|4|1|16||435|
24|4|1|16||436|
24|4|7|26||748|
24|4|7|26||749|
24|4|7|26||750|
24|4|7|26||751|
24|4|7|26||752|
24|4|7|26||753|
24|4|7|26||754|
24|4|7|26||755|
24|4|7|26||756|
24|4|1|31||1160|
24|4|1|31||1161|
24|4|1|31||1162|
24|4|1|31||1163|
24|4|1|31||1164|
24|4|1|31||1165|
24|4|1|31||1166|
24|4|1|31||1167|
24|4|1|31||1168|
24|4|1|31||1169|
24|4|1|31||1170|
24|4|1|31||1171|
24|4|1|31||1172|
24|4|1|31||1173|
24|4|1|31||1174|
24|4|1|31||1175|
24|4|1|31||1176|
24|4|1|31||1177|
24|4|1|31||1178|
24|4|7|39||1428|
24|4|7|39||1429|
24|4|7|39||1430|
24|4|7|39||1431|
24|4|7|39||1432|
24|4|7|39||1433|
24|4|7|39||1434|
24|4|7|39||1435|
24|4|7|39||1436|
24|4|7|39||1437|
24|4|7|39||1438|
24|4|7|39||1439|
24|4|7|39||1440|
24|4|7|39||1441|
24|4|7|39||1442|
24|4|7|39||1443|
24|4|7|39||1444|
24|4|1|40||1445|
24|4|1|40||1446|
24|4|1|40||1447|
24|4|1|40||1448|
24|4|1|40||1449|
24|4|1|40||1450|
24|4|1|40||1451|
24|4|1|40||1452|
24|4|1|40||1453|
24|4|1|40||1454|
24|4|1|40||1455|
24|4|1|40||1456|
24|4|1|40||1457|
24|4|1|40||1458|
24|4|1|40||1459|
24|4|1|40||1460|
24|4|1|40||1461|
24|4|1|40||1462|
24|4|1|40||1463|
24|4|1|40||1464|
24|4|1|40||1465|
24|4|1|40||1466|
24|4|1|40||1467|
24|4|1|40||1468|
24|4|1|40||1469|
24|4|1|40||1470|
24|4|1|40||1471|
24|4|1|40||1472|
24|4|1|40||1473|
24|4|1|40||1474|
24|4|1|40||1475|
24|4|1|40||1476|
24|4|1|40||1477|
24|4|1|40||1478|
24|4|1|40||1479|
24|4|7|41||1480|
24|4|7|41||1481|
24|4|7|41||1482|
24|4|7|41||1483|
24|4|7|41||1484|
24|4|7|41||1485|
24|4|7|41||1486|
24|4|7|41||1487|
24|4|7|41||1488|
24|4|7|41||1489|
24|4|7|41||1490|
24|4|7|41||1491|
24|4|7|41||1492|
24|4|7|41||1493|
24|4|7|41||1494|
24|4|7|41||1495|
24|4|1|42||1496|
24|4|1|42||1497|
24|4|1|42||1498|
24|4|1|42||1499|
24|4|1|42||1500|
24|4|1|42||1501|
24|4|1|42||1502|
24|4|1|42||1503|
24|4|1|42||1504|
24|4|1|42||1505|
24|4|1|42||1506|
24|4|1|57||180|
24|4|1|57||186|
24|4|1|57||187|
24|4|1|57||188|
24|4|1|57||189|
24|4|1|57||190|
24|4|1|57||191|
24|4|1|57||192|
24|4|1|57||193|
24|4|1|57||194|
24|4|1|57||195|
24|4|1|57||203|
24|4|1|57||204|
24|4|1|57||205|
24|4|1|57||212|
24|4|1|57||213|
24|4|1|57||219|
24|5|5|28||773|
24|5|5|28||774|
24|5|5|28||775|
24|5|5|28||776|
24|5|5|28||777|
24|5|5|28||778|
24|5|5|28||779|
24|5|5|28||780|
24|5|5|28||781|
24|5|5|28||782|
24|5|5|28||783|
24|5|5|28||784|
24|5|5|28||785|
24|5|5|28||786|
24|5|5|28||787|
24|5|5|28||788|
24|5|5|28||789|
24|5|5|28||790|
24|5|5|28||791|
24|5|5|28||792|
24|5|5|28||793|
24|5|5|28||794|
24|5|5|28||795|
24|5|5|28||796|
24|5|5|28||797|
24|5|5|28||798|
24|5|5|28||799|
24|5|5|28||800|
24|5|5|28||801|
24|5|5|28||802|
24|5|5|28||803|
24|5|5|28||804|
24|5|5|28||805|
24|5|5|28||806|
24|5|5|28||807|
24|5|5|28||808|
24|5|5|28||809|
24|5|5|28||810|
24|5|5|28||811|
24|5|5|28||812|
24|5|5|28||813|
24|5|5|28||814|
24|5|5|28||815|
24|5|5|28||816|
24|5|5|28||817|
24|5|5|28||818|
24|5|5|28||819|
24|5|5|28||820|
24|5|5|28||821|
24|5|5|28||822|
24|5|5|28||823|
24|5|5|28||824|
24|5|5|28||825|
24|5|5|28||826|
24|5|5|28||827|
24|5|5|28||828|
24|5|5|28||829|
24|5|5|28||830|
24|5|5|28||831|
24|5|5|28||832|
24|5|5|28||833|
24|5|5|28||834|
24|5|5|28||835|
24|5|5|28||836|
24|5|5|28||837|
24|5|5|28||838|
24|5|5|28||839|
24|5|5|28||840|
24|5|5|28||841|
24|5|5|28||842|
24|5|5|28||843|
24|5|5|28||844|
24|5|5|28||845|
24|5|5|28||846|
24|5|5|28||847|
24|5|5|28||848|
24|5|5|28||849|
24|5|5|28||850|
24|5|6|28||851|
24|5|5|28||852|
24|5|5|28||853|
24|5|5|28||854|
24|5|5|28||855|
24|5|5|28||856|
24|5|5|28||857|
24|5|5|28||858|
24|5|5|28||859|
24|5|5|28||860|
24|5|5|28||861|
24|5|5|28||862|
24|5|6|28||863|
24|5|5|28||864|
24|5|5|28||865|
24|5|5|28||866|
24|5|5|28||867|
24|5|5|28||868|
24|5|5|28||869|
24|5|5|28||870|
24|5|5|28||871|
24|5|5|28||872|
24|5|5|28||873|
24|5|5|28||874|
24|5|6|28||875|
24|5|6|28||876|
24|5|6|28||877|
24|5|6|28||878|
24|5|6|28||879|
24|5|5|28||880|
24|5|5|28||881|
24|5|5|28||882|
24|5|5|28||883|
24|5|5|28||884|
24|5|5|28||885|
24|5|5|28||886|
24|5|5|28||887|
24|5|5|28||888|
24|5|5|28||889|
24|5|5|28||890|
24|5|5|28||891|
24|5|5|28||892|
24|5|5|28||893|
24|5|5|28||894|
24|5|5|28||895|
24|5|6|28||896|
24|5|6|28||897|
24|5|6|28||898|
24|5|6|28||899|
24|5|6|28||900|
24|5|6|28||901|
24|5|6|28||902|
24|5|5|28||903|
24|5|5|28||904|
24|5|5|28||905|
24|5|5|28||906|
24|5|5|28||907|
24|5|5|28||908|
24|5|5|28||909|
24|5|5|28||910|
24|5|5|28||911|
24|5|5|28||912|
24|5|5|28||913|
24|5|5|28||914|
24|5|5|28||915|
24|5|5|28||916|
24|5|5|28||917|
24|5|5|28||929|
24|5|5|28||930|
24|5|5|28||982|
24|5|5|28||983|
24|5|5|28||984|
24|5|5|28||985|
24|5|5|28||1000|
24|5|5|28||1001|
24|5|5|28||1002|
24|5|5|28||1003|
24|5|5|28||1022|
24|5|5|28||1023|
24|5|5|28||1076|
24|5|5|28||1077|
24|5|5|28||1078|
24|5|5|28||1079|
24|5|5|28||1080|
24|5|5|28||1081|
24|5|5|28||1082|
24|5|5|28||1083|
24|5|5|28||1084|
24|5|5|28||1085|
24|5|5|28||1086|
24|5|5|28||1087|
24|5|5|28||1088|
24|5|5|28||1089|
24|5|5|28||1090|
24|5|5|28||1091|
24|5|5|28||1092|
24|5|5|28||1093|
24|5|5|28||1094|
24|5|5|28||1095|
24|5|5|28||1096|
24|5|5|28||1097|
24|5|5|28||1098|
24|5|5|28||1099|
24|5|5|28||1100|
24|5|5|28||1101|
24|5|5|28||1102|
24|5|5|28||1103|
24|5|5|28||1104|
24|5|5|28||1105|
24|5|5|28||1106|
24|6|5|28||918|
24|6|6|28||919|
24|6|6|28||920|
24|6|6|28||921|
24|6|6|28||922|
24|6|6|28||923|
24|6|6|28||924|
24|6|6|28||925|
24|6|6|28||926|
24|6|6|28||927|
24|6|6|28||928|
24|6|6|28||931|
24|6|6|28||932|
24|6|6|28||933|
24|6|6|28||934|
24|6|6|28||935|
24|6|6|28||936|
24|6|6|28||937|
24|6|6|28||938|
24|6|6|28||939|
24|6|6|28||940|
24|6|6|28||941|
24|6|6|28||942|
24|6|6|28||943|
24|6|6|28||944|
24|6|6|28||945|
24|6|6|28||946|
24|6|6|28||947|
24|6|6|28||948|
24|6|6|28||949|
24|6|6|28||950|
24|6|6|28||951|
24|6|6|28||952|
24|6|6|28||953|
24|6|6|28||954|
24|6|6|28||955|
24|6|6|28||956|
24|6|6|28||957|
24|6|6|28||958|
24|6|6|28||959|
24|6|6|28||960|
24|6|6|28||961|
24|6|6|28||962|
24|6|6|28||963|
24|6|6|28||964|
24|6|6|28||965|
24|6|6|28||966|
24|6|6|28||967|
24|6|6|28||968|
24|6|6|28||969|
24|6|6|28||970|
24|6|6|28||971|
24|6|6|28||972|
24|6|6|28||973|
24|6|6|28||974|
24|6|6|28||975|
24|6|6|28||976|
24|6|6|28||977|
24|6|6|28||978|
24|6|6|28||979|
24|6|6|28||980|
24|6|6|28||981|
24|6|5|28||986|
24|6|5|28||987|
24|6|6|28||988|
24|6|6|28||989|
24|6|6|28||990|
24|6|6|28||991|
24|6|6|28||992|
24|6|6|28||993|
24|6|6|28||994|
24|6|6|28||995|
24|6|6|28||996|
24|6|5|28||997|
24|6|5|28||998|
24|6|5|28||999|
24|6|5|28||1004|
24|6|5|28||1005|
24|6|6|28||1006|
24|6|6|28||1007|
24|6|6|28||1008|
24|6|6|28||1009|
24|6|6|28||1010|
24|6|6|28||1011|
24|6|6|28||1012|
24|6|6|28||1013|
24|6|6|28||1014|
24|6|6|28||1015|
24|6|6|28||1016|
24|6|6|28||1017|
24|6|6|28||1018|
24|6|6|28||1019|
24|6|6|28||1020|
24|6|5|28||1021|
24|6|6|28||1024|
24|6|6|28||1025|
24|6|6|28||1026|
24|6|6|28||1027|
24|6|6|28||1028|
24|6|6|28||1029|
24|6|6|28||1030|
24|6|6|28||1031|
24|6|6|28||1032|
24|6|6|28||1033|
24|6|6|28||1034|
24|6|6|28||1035|
24|6|6|28||1036|
24|6|6|28||1037|
24|6|6|28||1038|
24|6|5|28||1039|
24|6|5|28||1040|
24|6|5|28||1041|
24|6|6|28||1042|
24|6|6|28||1043|
24|6|6|28||1044|
24|6|6|28||1045|
24|6|6|28||1046|
24|6|6|28||1047|
24|6|6|28||1048|
24|6|6|28||1049|
24|6|6|28||1050|
24|6|6|28||1051|
24|6|6|28||1052|
24|6|6|28||1053|
24|6|6|28||1054|
24|6|6|28||1055|
24|6|6|28||1056|
24|6|6|28||1057|
24|6|6|28||1058|
24|6|6|28||1059|
24|6|6|28||1060|
24|6|6|28||1061|
24|6|6|28||1062|
24|6|6|28||1063|
24|6|6|28||1064|
24|6|6|28||1065|
24|6|6|28||1066|
24|6|6|28||1067|
24|6|6|28||1068|
24|6|6|28||1069|
24|6|6|28||1070|
24|6|6|28||1071|
24|6|6|28||1072|
24|6|6|28||1073|
24|6|6|28||1074|
24|6|6|28||1075|
24|6|6|28||1107|
24|6|6|28||1108|
24|6|6|28||1109|
24|6|6|28||1110|
24|6|6|28||1111|
24|6|6|28||1112|
24|6|6|28||1113|
24|6|6|28||1114|
24|6|5|28||1115|
24|6|5|28||1116|
24|6|5|28||1117|
24|6|5|28||1118|
24|6|5|28||1119|
24|6|5|28||1120|
24|6|5|28||1121|
24|6|5|28||1122|
24|6|5|28||1123|
24|6|6|28||1124|
24|6|6|28||1125|
24|6|6|28||1126|
24|6|6|28||1127|
24|7|7|3||34|
24|7|7|3||35|
24|7|7|3||36|
24|7|7|3||37|
24|7|7|3||38|
24|7|7|3||39|
24|7|7|3||40|
24|7|7|3||41|
24|7|7|3||42|
24|7|7|3||43|
24|7|7|3||44|
24|7|7|3||45|
24|7|7|3||46|
24|7|7|3||47|
24|7|7|3||48|
24|7|7|3||49|
24|7|7|3||50|
24|7|7|3||51|
24|7|7|3||52|
24|7|7|3||53|
24|7|7|3||54|
24|7|7|3||55|
24|7|7|3||56|
24|7|7|3||57|
24|7|7|3||58|
24|7|7|3||59|
24|7|7|12||251|
24|7|7|12||252|
24|7|7|12||253|
24|7|7|12||254|
24|7|7|12||255|
24|7|7|12||256|
24|7|7|12||257|
24|7|7|12||258|
24|7|7|12||259|
24|7|7|12||260|
24|7|7|12||261|
24|7|7|12||262|
24|7|7|12||263|
24|7|7|12||264|
24|7|7|12||265|
24|7|7|14||371|
24|7|7|14||372|
24|7|7|14||373|
24|7|7|14||374|
24|7|7|14||375|
24|7|7|14||376|
24|7|7|14||377|
24|7|7|14||378|
24|7|7|14||379|
24|7|7|14||380|
24|7|7|14||381|
24|7|7|14||382|
24|7|7|14||383|
24|7|7|18||468|
24|7|7|18||469|
24|7|7|18||470|
24|7|7|18||471|
24|7|7|18||472|
24|7|7|18||473|
24|7|7|18||474|
24|7|7|18||475|
24|7|7|18||476|
24|7|7|18||477|
24|7|7|29||1128|
24|7|7|29||1129|
24|7|7|29||1130|
24|7|7|29||1131|
24|7|7|29||1132|
24|7|7|29||1133|
24|7|7|29||1134|
24|7|7|29||1135|
24|7|7|29||1136|
24|7|7|29||1137|
24|7|7|29||1138|
24|7|7|29||1139|
24|7|7|29||1140|
24|7|7|29||1141|
24|7|7|29||1142|
24|7|7|29||1143|
24|7|7|29||1144|
24|7|7|29||1145|
24|7|7|29||1146|
24|7|7|29||1147|
24|7|7|37||1336|
24|7|7|37||1337|
24|7|7|37||1338|
24|7|7|37||1339|
24|7|7|37||1340|
24|7|7|37||1341|
24|7|7|37||1342|
24|7|7|37||1343|
24|7|7|37||1344|
24|7|7|37||1345|
24|7|7|37||1346|
24|7|7|37||1347|
24|7|7|37||1348|
24|7|7|37||1365|
24|7|7|37||1367|
24|7|7|37||1368|
24|7|7|37||1369|
24|7|7|37||1370|
24|7|7|37||1371|
24|7|7|37||1372|
24|7|7|37||1373|
24|7|7|37||1374|
24|7|7|37||1375|
24|7|7|37||1376|
24|7|7|37||1377|
24|7|7|37||1378|
24|7|7|37||1379|
24|7|7|37||1380|
24|7|7|37||1381|
24|7|7|37||1382|
24|7|7|37||1383|
24|7|7|37||1384|
24|7|7|37||1385|
24|7|7|37||1386|
24|7|7|37||1387|
24|7|7|37||1388|
24|7|7|37||1389|
24|7|7|37||1390|
24|7|7|37||1391|
24|7|7|37||1392|
24|7|7|37||1393|
24|7|7|37||1394|
24|7|7|37||1395|
24|7|7|37||1396|
24|7|7|37||1397|
24|7|7|37||1398|
24|7|7|37||1399|
24|7|7|37||1400|
24|7|7|37||1401|
24|7|7|37||1402|
24|7|7|37||1403|
24|7|7|37||1404|
24|7|7|37||1405|
24|7|7|37||1406|
24|7|7|37||1407|
24|7|7|37||1408|
24|7|7|37||1409|
24|7|7|37||1410|
24|7|7|37||1411|
24|7|7|38||1412|
24|7|7|38||1413|
24|7|7|38||1414|
24|7|7|38||1415|
24|7|7|38||1416|
24|7|7|38||1417|
24|7|7|38||1418|
24|7|7|38||1419|
24|7|7|38||1420|
24|7|7|38||1421|
24|7|7|38||1422|
24|7|7|38||1423|
24|7|7|38||1424|
24|7|7|38||1425|
24|7|7|38||1426|
24|7|7|38||1427|
24|7|7|54||1705|
24|7|7|54||1706|
24|7|7|54||1707|
24|7|7|54||1708|
24|7|7|54||1709|
24|7|7|54||1710|
24|7|7|54||1711|
24|7|7|54||1712|
24|7|7|54||1713|
24|7|7|54||1714|
24|7|7|54||1715|
24|7|7|54||1716|
24|7|7|54||1717|
24|7|7|54||1718|
24|7|7|54||1719|
24|7|7|54||1720|
24|7|7|54||1721|
24|7|7|54||1722|
24|7|7|54||1723|
24|7|7|54||1724|
24|7|7|54||1725|
24|7|7|55||1726|
24|7|7|55||1727|
24|7|7|55||1728|
24|7|7|55||1729|
24|7|7|55||1730|
24|7|7|55||1731|
24|7|7|55||1732|
24|7|7|55||1733|
24|7|7|55||1734|
24|7|7|55||1735|
24|7|7|55||1736|
24|7|7|55||1737|
24|7|7|55||1738|
24|7|7|55||1739|
24|7|7|55||1740|
24|7|7|55||1741|
24|7|7|55||1742|
24|7|7|55||1743|
24|7|7|55||1744|
24|7|7|55||1745|
24|7|7|55||1746|
24|7|7|55||1747|
24|7|7|55||1748|
24|7|7|55||1749|
24|7|7|55||1750|
24|7|7|55||1751|
24|7|7|55||1752|
24|7|7|55||1753|
24|7|7|55||1754|
24|7|7|55||1755|
24|7|7|55||1756|
24|7|7|55||1757|
24|7|7|55||1758|
24|7|7|55||1759|
24|7|7|55||1760|
24|7|7|55||1761|
24|7|7|55||1762|
24|7|7|55||1763|
24|7|7|55||1764|
24|7|7|55||1765|
24|7|7|55||1766|
24|7|7|55||1767|
24|7|7|55||1768|
24|7|7|55||1769|
24|7|7|55||1770|
24|7|7|55||1771|
24|7|7|55||1772|
24|7|7|58||1349|
24|7|7|58||1350|
24|7|7|58||1351|
24|7|7|58||1352|
24|7|7|58||1353|
24|7|7|58||1354|
24|7|7|58||1355|
24|7|7|58||1356|
24|7|7|58||1357|
24|7|7|58||1358|
24|7|7|58||1359|
24|7|7|58||1360|
24|7|7|58||1361|
24|7|7|58||1362|
24|7|7|58||1363|
24|7|7|58||1364|
24|7|7|58||1366|
