Entidad|Distrito|Distrito_nuevo|Municipio|MUNICIPIO_VIRTUAL|Seccion|SECCION_VIRTUAL
20|1|8|2||2|
20|1|8|2||3|
20|1|8|2||4|
20|1|8|2||5|
20|1|8|2||6|
20|1|8|2||7|
20|1|8|2||8|
20|1|8|2||9|
20|1|8|2||10|
20|1|8|2||11|
20|1|8|2||12|
20|1|8|2||13|
20|1|8|2||14|
20|1|8|2||15|
20|1|8|2||16|
20|1|8|2||17|
20|1|8|2||18|
20|1|8|2||19|
20|1|8|2||20|
20|1|8|2||21|
20|1|8|2||22|
20|1|8|2||23|
20|1|8|2||24|
20|1|8|2||25|
20|1|8|2||26|
20|1|8|2||27|
20|1|8|2||28|
20|1|8|2||29|
20|1|8|2||30|
20|1|8|2||31|
20|1|8|2||32|
20|1|8|2||33|
20|1|8|2||34|
20|1|8|24||134|
20|1|8|24||135|
20|1|8|24||136|
20|1|8|24||137|
20|1|8|24||138|
20|1|8|24||139|
20|1|8|24||140|
20|1|8|24||141|
20|1|8|24||142|
20|1|8|24||143|
20|1|8|44||333|
20|1|8|44||334|
20|1|8|44||335|
20|1|8|44||336|
20|1|8|44||337|
20|1|8|44||338|
20|1|8|44||339|
20|1|8|44||340|
20|1|8|44||341|
20|1|8|44||342|
20|1|8|44||343|
20|1|8|44||344|
20|1|8|44||345|
20|1|8|44||346|
20|1|8|44||347|
20|1|8|44||348|
20|1|8|44||349|
20|1|8|44||350|
20|1|8|44||351|
20|1|8|44||352|
20|1|8|44||353|
20|1|8|44||354|
20|1|8|44||355|
20|1|8|44||356|
20|1|8|44||357|
20|1|8|44||358|
20|1|8|44||359|
20|1|8|44||360|
20|1|8|44||361|
20|1|8|44||362|
20|1|8|44||363|
20|1|8|44||364|
20|1|10|131||851|
20|1|10|131||852|
20|1|10|131||853|
20|1|10|131||854|
20|1|10|131||855|
20|1|10|131||856|
20|1|10|131||857|
20|1|10|131||858|
20|1|10|131||859|
20|1|10|131||860|
20|1|10|131||861|
20|1|10|133||866|
20|1|10|133||867|
20|1|10|133||868|
20|1|10|133||869|
20|1|10|133||870|
20|1|10|167||952|
20|1|10|167||953|
20|1|10|167||954|
20|1|8|182||1010|
20|1|8|182||1011|
20|1|8|182||1012|
20|1|8|182||1013|
20|1|8|182||1014|
20|1|8|182||1015|
20|1|8|182||1016|
20|1|8|182||1017|
20|1|8|182||1018|
20|1|8|182||1019|
20|1|8|182||1020|
20|1|8|182||1021|
20|1|8|182||1022|
20|1|8|182||1023|
20|1|8|182||1024|
20|1|8|182||1025|
20|1|8|182||1026|
20|1|8|182||1027|
20|1|8|182||1028|
20|1|8|182||1029|
20|1|8|182||1030|
20|1|8|182||1031|
20|1|8|182||1032|
20|1|8|182||1033|
20|1|8|182||1034|
20|1|8|182||1035|
20|1|8|182||1036|
20|1|8|182||1037|
20|1|8|182||1038|
20|1|8|182||1039|
20|1|8|182||1040|
20|1|8|182||1041|
20|1|8|182||1042|
20|1|8|182||1043|
20|1|8|182||1044|
20|1|8|182||1045|
20|1|8|182||1046|
20|1|8|182||1047|
20|1|8|182||1048|
20|1|8|182||1049|
20|1|8|182||1050|
20|1|8|182||1051|
20|1|8|182||1052|
20|1|8|182||1053|
20|1|8|182||1054|
20|1|8|182||1055|
20|1|8|182||1056|
20|1|8|182||1057|
20|1|8|182||1058|
20|1|8|182||1059|
20|1|8|182||1060|
20|1|8|182||1061|
20|1|8|182||1062|
20|1|8|182||1063|
20|1|8|182||1064|
20|1|8|182||1065|
20|1|8|182||1066|
20|1|8|182||1067|
20|1|8|182||1068|
20|1|8|182||1069|
20|1|8|182||1070|
20|1|8|182||1071|
20|1|8|182||1072|
20|1|8|182||1073|
20|1|8|182||1074|
20|1|8|182||1075|
20|1|8|182||1076|
20|1|8|182||1077|
20|1|8|182||1078|
20|1|8|182||1079|
20|1|8|182||1080|
20|1|8|182||1081|
20|1|8|182||1082|
20|1|8|182||1083|
20|1|10|232||1254|
20|1|10|232||1255|
20|1|10|232||1256|
20|1|10|232||1257|
20|1|10|232||1258|
20|1|10|232||1259|
20|1|10|232||1260|
20|1|10|232||1261|
20|1|10|232||1262|
20|1|10|232||1263|
20|1|10|232||1264|
20|1|10|232||1265|
20|1|8|276||1372|
20|1|8|276||1373|
20|1|8|276||1374|
20|1|8|276||1375|
20|1|8|276||1376|
20|1|8|276||1377|
20|1|8|276||1378|
20|1|8|276||1379|
20|1|8|276||1380|
20|1|8|276||1381|
20|1|8|276||1382|
20|1|8|276||1383|
20|1|8|276||1384|
20|1|8|276||1385|
20|1|8|276||1386|
20|1|8|276||1387|
20|1|8|276||1388|
20|1|8|276||1389|
20|1|8|276||1390|
20|1|8|276||1391|
20|1|8|276||1392|
20|1|8|276||1393|
20|1|8|276||1394|
20|1|8|276||1395|
20|1|10|307||1473|
20|1|10|307||1474|
20|1|10|307||1475|
20|1|10|307||1476|
20|1|10|307||1477|
20|1|10|307||1478|
20|1|10|307||1479|
20|1|10|307||1480|
20|1|10|307||1481|
20|2|10|22||127|
20|2|10|22||128|
20|2|10|22||129|
20|2|10|22||130|
20|2|10|27||153|
20|2|10|27||154|
20|2|10|27||155|
20|2|10|27||156|
20|2|10|29||176|
20|2|10|29||177|
20|2|10|29||178|
20|2|10|29||179|
20|2|4|33||192|
20|2|10|38||232|
20|2|10|38||233|
20|2|10|38||234|
20|2|10|38||235|
20|2|10|39||236|
20|2|10|39||237|
20|2|10|39||238|
20|2|10|39||239|
20|2|10|39||240|
20|2|10|39||241|
20|2|10|39||242|
20|2|10|39||243|
20|2|10|39||244|
20|2|10|39||245|
20|2|10|39||246|
20|2|10|39||247|
20|2|10|39||248|
20|2|10|39||249|
20|2|10|39||250|
20|2|10|39||251|
20|2|10|39||252|
20|2|10|39||253|
20|2|10|39||254|
20|2|4|45||365|
20|2|4|45||366|
20|2|4|45||367|
20|2|4|45||368|
20|2|10|58||422|
20|2|10|58||423|
20|2|10|58||424|
20|2|10|58||425|
20|2|10|58||426|
20|2|10|58||427|
20|2|10|58||428|
20|2|10|58||429|
20|2|10|58||430|
20|2|10|58||431|
20|2|4|63||459|
20|2|4|63||460|
20|2|4|74||666|
20|2|4|74||667|
20|2|4|81||719|
20|2|4|81||720|
20|2|10|95||759|
20|2|10|95||760|
20|2|4|99||764|
20|2|4|99||765|
20|2|10|106||788|
20|2|10|115||804|
20|2|10|115||805|
20|2|10|115||806|
20|2|4|132||862|
20|2|4|132||863|
20|2|4|132||864|
20|2|4|132||865|
20|2|10|136||875|
20|2|10|139||882|
20|2|4|147||900|
20|2|4|147||901|
20|2|4|147||902|
20|2|4|147||903|
20|2|4|147||904|
20|2|4|147||905|
20|2|4|158||927|
20|2|4|158||928|
20|2|4|158||929|
20|2|4|158||930|
20|2|10|160||932|
20|2|10|160||933|
20|2|10|170||962|
20|2|10|170||963|
20|2|10|170||964|
20|2|10|170||965|
20|2|10|170||966|
20|2|10|170||967|
20|2|10|170||968|
20|2|10|170||969|
20|2|10|170||970|
20|2|10|170||971|
20|2|10|170||972|
20|2|10|170||973|
20|2|10|170||974|
20|2|10|170||975|
20|2|10|170||976|
20|2|10|170||977|
20|2|9|173||981|
20|2|4|175||986|
20|2|4|175||987|
20|2|4|175||988|
20|2|4|175||989|
20|2|4|175||990|
20|2|4|175||991|
20|2|4|175||992|
20|2|4|175||993|
20|2|4|175||994|
20|2|4|175||995|
20|2|4|175||996|
20|2|4|175||997|
20|2|4|175||998|
20|2|4|176||999|
20|2|4|176||1000|
20|2|4|176||1001|
20|2|4|177||1002|
20|2|10|181||1009|
20|2|10|187||1108|
20|2|10|187||1109|
20|2|10|189||1111|
20|2|10|193||1129|
20|2|10|193||1130|
20|2|4|194||1131|
20|2|4|194||1132|
20|2|10|220||1228|
20|2|10|220||1229|
20|2|10|220||1230|
20|2|10|220||1231|
20|2|4|227||1243|
20|2|4|227||1244|
20|2|4|227||1245|
20|2|4|227||1246|
20|2|4|227||1247|
20|2|10|228||1248|
20|2|10|234||1267|
20|2|10|234||1268|
20|2|10|234||1269|
20|2|10|234||1270|
20|2|10|244||1292|
20|2|10|244||1293|
20|2|10|255||1316|
20|2|10|255||1317|
20|2|9|259||1322|
20|2|9|259||1323|
20|2|10|275||1371|
20|2|4|292||1426|
20|2|4|292||1427|
20|2|4|292||1428|
20|2|4|292||1429|
20|2|4|292||1430|
20|2|4|309||1484|
20|2|4|311||1492|
20|2|10|320||1514|
20|2|10|324||1541|
20|2|10|324||1542|
20|2|10|324||1543|
20|2|10|328||1555|
20|2|10|328||1556|
20|2|10|328||1557|
20|2|10|354||1642|
20|2|10|355||1643|
20|2|9|359||1649|
20|2|10|375||1685|
20|2|10|399||1782|
20|2|10|399||1783|
20|2|10|404||1793|
20|2|10|404||1794|
20|2|10|404||1795|
20|2|10|404||1796|
20|2|10|404||1797|
20|2|10|404||1798|
20|2|10|404||1799|
20|2|10|404||1800|
20|2|10|404||1801|
20|2|10|404||1802|
20|2|10|404||1803|
20|2|10|404||1804|
20|2|10|404||1805|
20|2|10|404||1806|
20|2|10|404||1807|
20|2|10|404||1808|
20|2|10|404||1809|
20|2|4|417||1859|
20|2|10|426||1887|
20|2|4|432||1906|
20|2|10|435||1909|
20|2|10|435||1910|
20|2|4|437||1913|
20|2|10|439||1918|
20|2|4|479||2072|
20|2|4|479||2073|
20|2|4|479||2074|
20|2|4|479||2075|
20|2|4|485||2112|
20|2|4|485||2113|
20|2|4|485||2114|
20|2|4|485||2115|
20|2|4|485||2116|
20|2|4|488||2125|
20|2|4|488||2126|
20|2|10|491||2131|
20|2|10|491||2132|
20|2|4|527||2261|
20|2|10|531||2272|
20|2|4|537||2301|
20|2|4|537||2302|
20|2|4|537||2303|
20|2|9|544||2324|
20|2|10|545||2325|
20|2|10|545||2326|
20|2|10|545||2327|
20|2|10|545||2328|
20|2|10|545||2329|
20|2|10|545||2330|
20|2|4|558||2405|
20|2|4|558||2406|
20|2|4|560||2408|
20|2|4|560||2409|
20|2|4|560||2410|
20|2|4|560||2411|
20|3|4|5||42|
20|3|2|13||87|
20|3|2|13||88|
20|3|2|13||89|
20|3|2|19||117|
20|3|2|19||118|
20|3|2|19||119|
20|3|2|19||120|
20|3|4|21||125|
20|3|4|21||126|
20|3|4|25||144|
20|3|4|25||145|
20|3|4|25||146|
20|3|2|31||187|
20|3|2|31||188|
20|3|2|32||189|
20|3|2|32||190|
20|3|2|32||191|
20|3|4|37||201|
20|3|4|37||202|
20|3|4|37||203|
20|3|4|37||204|
20|3|4|37||205|
20|3|4|37||206|
20|3|4|37||207|
20|3|4|37||208|
20|3|4|37||209|
20|3|4|37||210|
20|3|4|37||211|
20|3|4|37||212|
20|3|4|37||213|
20|3|4|37||214|
20|3|4|37||215|
20|3|4|37||216|
20|3|4|37||217|
20|3|4|37||218|
20|3|4|37||219|
20|3|4|37||220|
20|3|4|37||221|
20|3|4|37||222|
20|3|4|37||223|
20|3|4|37||224|
20|3|4|37||225|
20|3|4|37||226|
20|3|4|37||227|
20|3|4|37||228|
20|3|4|37||229|
20|3|4|37||230|
20|3|4|37||231|
20|3|4|37||2451|
20|3|2|40||255|
20|3|2|40||256|
20|3|2|40||257|
20|3|2|55||389|
20|3|2|55||390|
20|3|2|55||391|
20|3|2|55||392|
20|3|2|55||393|
20|3|2|55||394|
20|3|2|55||395|
20|3|2|78||712|9006
20|3|2|78||713|
20|3|4|86||741|
20|3|4|86||742|
20|3|4|86||743|
20|3|4|90||750|
20|3|2|96||761|
20|3|2|102||772|
20|3|2|102||773|
20|3|2|102||774|
20|3|2|102||775|
20|3|4|103||776|
20|3|4|113||801|
20|3|4|113||802|
20|3|4|126||837|
20|3|4|148||906|
20|3|2|149||907|
20|3|2|157||924|
20|3|2|157||925|
20|3|2|157||926|
20|3|2|162||938|
20|3|2|162||939|
20|3|2|162||940|
20|3|2|163||941|
20|3|2|163||942|
20|3|4|174||982|
20|3|4|174||983|
20|3|4|174||984|
20|3|4|174||985|
20|3|4|179||1005|
20|3|4|179||1006|
20|3|2|180||1007|
20|3|2|180||1008|
20|3|2|188||1110|
20|3|2|200||1162|
20|3|2|200||1163|
20|3|4|221||1232|
20|3|4|221||1233|
20|3|4|224||1237|
20|3|2|230||1251|
20|3|2|230||1252|
20|3|2|237||1278|
20|3|2|237||1279|
20|3|2|237||1280|
20|3|2|237||1281|
20|3|2|242||1286|
20|3|2|242||1287|
20|3|2|242||1288|
20|3|2|242||1289|
20|3|2|242||1290|
20|3|2|245||1294|
20|3|2|245||1295|
20|3|2|249||1303|
20|3|4|254||1315|
20|3|2|258||1320|
20|3|2|258||1321|
20|3|2|260||1324|
20|3|2|260||1325|
20|3|2|260||1326|
20|3|2|260||1327|
20|3|2|260||1328|
20|3|2|260||1329|
20|3|2|260||1330|
20|3|2|260||1331|
20|3|2|260||1332|
20|3|4|262||1336|
20|3|4|262||1337|
20|3|4|269||1359|
20|3|4|269||1360|
20|3|4|281||1404|
20|3|4|281||1405|
20|3|4|281||1406|
20|3|2|284||1411|
20|3|2|284||1412|
20|3|2|284||1413|
20|3|2|284||1414|
20|3|4|285||1415|
20|3|2|288||1418|
20|3|4|319||1513|
20|3|4|334||1589|
20|3|4|334||1590|
20|3|4|334||1591|
20|3|4|334||1592|
20|3|4|334||1593|
20|3|4|335||1594|
20|3|4|335||1595|
20|3|4|335||1596|
20|3|4|335||1597|
20|3|4|335||1598|
20|3|4|335||1599|
20|3|4|335||1600|
20|3|4|338||1604|
20|3|2|343||1613|
20|3|2|345||1617|
20|3|2|345||1618|
20|3|2|345||1619|
20|3|2|345||1620|
20|3|2|345||1621|
20|3|2|345||1622|
20|3|2|345||1623|
20|3|2|345||1624|
20|3|2|345||1625|
20|3|2|349||1636|
20|3|4|374||1683|
20|3|4|374||1684|
20|3|2|377||1690|
20|3|2|382||1704|
20|3|2|382||1705|
20|3|2|382||1706|
20|3|4|396||1777|
20|3|4|401||1787|
20|3|4|401||1788|
20|3|4|402||1789|
20|3|4|403||1790|
20|3|4|403||1791|
20|3|4|403||1792|
20|3|4|423||1878|
20|3|4|423||1879|
20|3|4|452||1960|
20|3|4|452||1961|
20|3|2|456||1971|
20|3|2|456||1972|
20|3|2|457||1973|
20|3|2|457||1974|
20|3|2|457||1975|
20|3|4|459||1978|
20|3|4|459||1979|
20|3|4|459||1980|
20|3|4|459||1981|
20|3|4|459||1982|
20|3|4|459||1983|
20|3|4|459||1984|
20|3|4|459||1985|
20|3|4|459||1986|
20|3|2|462||1993|
20|3|2|462||1994|
20|3|4|463||1995|
20|3|4|463||1996|
20|3|4|463||1997|
20|3|4|463||1998|
20|3|4|465||2002|
20|3|4|465||2003|
20|3|2|470||2033|
20|3|2|470||2034|
20|3|2|470||2035|
20|3|2|470||2036|
20|3|2|470||2037|
20|3|2|470||2038|
20|3|2|470||2039|
20|3|2|470||2040|
20|3|2|470||2041|
20|3|2|470||2042|
20|3|2|470||2043|
20|3|2|470||2044|
20|3|2|470||2045|
20|3|2|470||2046|
20|3|2|470||2047|
20|3|2|470||2048|
20|3|2|470||2049|
20|3|2|470||2453|
20|3|4|477||2070|
20|3|2|486||2117|
20|3|2|486||2118|
20|3|2|486||2119|
20|3|2|486||2120|
20|3|2|486||2121|
20|3|2|486||2122|
20|3|4|489||2127|
20|3|4|500||2156|
20|3|4|500||2157|
20|3|2|502||2165|
20|3|2|502||2166|
20|3|2|520||2237|
20|3|2|520||2238|
20|3|2|520||2239|
20|3|2|520||2240|
20|3|2|520||2241|
20|3|2|520||2242|
20|3|2|520||2243|
20|3|4|521||2244|
20|3|4|523||2246|
20|3|4|523||2247|
20|3|4|524||2248|
20|3|2|532||2273|
20|3|2|533||2274|
20|3|2|534||2275|
20|3|2|534||2276|
20|3|2|534||2277|
20|3|2|534||2278|
20|3|2|534||2279|
20|3|2|534||2280|
20|3|2|534||2281|
20|3|2|534||2282|
20|3|2|534||2283|
20|3|2|534||2284|
20|3|2|534||2285|
20|3|2|534||2286|
20|3|2|534||2287|
20|3|2|534||2288|
20|3|2|534||2289|
20|3|4|539||2305|
20|3|4|539||2306|
20|3|4|539||2307|
20|3|4|539||2308|
20|3|4|539||2309|
20|3|4|539||2310|
20|3|4|543||2321|
20|3|4|543||2322|
20|3|4|543||2323|
20|3|4|547||2335|
20|3|4|548||2336|
20|3|4|548||2337|
20|3|4|548||2338|
20|3|2|549||2339|
20|3|2|549||2340|
20|3|2|549||2341|
20|3|2|549||2342|
20|3|2|549||2343|
20|3|2|549||2344|
20|3|2|549||2345|
20|3|2|549||2346|
20|3|2|549||2347|
20|3|2|549||2348|
20|3|2|549||2349|
20|3|2|549||2350|
20|3|2|549||2351|
20|3|4|551||2362|
20|3|4|556||2393|
20|3|2|568||2432|
20|3|2|568||2433|
20|3|2|568||2434|
20|3|4|569||2435|
20|4|9|1||1|
20|4|9|4||39|
20|4|9|4||40|
20|4|9|4||41|
20|4|10|11||74|
20|4|10|11||75|
20|4|10|11||76|
20|4|9|34||193|
20|4|9|42||276|
20|4|9|42||277|
20|4|9|42||278|
20|4|9|42||279|
20|4|9|42||280|
20|4|9|42||281|
20|4|9|42||282|
20|4|9|50||378|
20|4|9|50||379|
20|4|9|60||454|
20|4|9|60||455|
20|4|9|62||458|
20|4|9|65||469|
20|4|9|94||757|
20|4|9|94||758|
20|4|9|97||762|
20|4|9|111||795|
20|4|9|111||796|
20|4|9|111||797|
20|4|9|117||809|
20|4|9|119||811|
20|4|9|125||836|
20|4|9|128||841|
20|4|9|128||842|
20|4|9|128||843|
20|4|9|128||844|
20|4|9|128||845|
20|4|9|135||874|
20|4|9|142||893|
20|4|9|153||914|
20|4|9|153||915|
20|4|9|153||916|
20|4|8|164||943|
20|4|8|164||944|
20|4|8|164||945|
20|4|8|164||946|
20|4|8|164||947|
20|4|8|164||948|
20|4|9|172||979|
20|4|9|172||980|
20|4|10|183||1084|
20|4|10|183||1085|
20|4|10|183||1086|
20|4|10|183||1087|
20|4|10|183||1088|
20|4|10|183||1089|
20|4|10|183||1090|
20|4|10|183||1091|
20|4|10|183||1092|
20|4|10|183||1093|
20|4|10|183||1094|
20|4|10|183||1095|
20|4|10|183||1096|
20|4|10|183||1097|
20|4|10|183||1098|
20|4|9|185||1106|
20|4|6|191||1117|
20|4|6|191||1118|
20|4|9|195||1133|
20|4|9|197||1136|
20|4|9|198||1137|
20|4|9|198||1138|
20|4|9|201||1164|
20|4|9|201||1165|
20|4|9|201||1166|
20|4|9|201||1167|
20|4|9|202||1168|
20|4|9|202||1169|
20|4|6|206||1177|
20|4|6|206||1178|
20|4|6|206||1179|
20|4|6|206||1180|
20|4|6|206||1181|
20|4|6|206||1182|
20|4|6|206||1183|
20|4|6|212||1213|
20|4|6|212||1214|
20|4|9|214||1217|
20|4|9|214||1218|
20|4|9|216||1220|
20|4|9|219||1226|
20|4|9|219||1227|
20|4|9|222||1234|
20|4|9|222||1235|
20|4|9|223||1236|
20|4|9|226||1241|
20|4|9|226||1242|
20|4|6|231||1253|
20|4|9|233||1266|
20|4|9|246||1296|
20|4|9|256||1318|
20|4|9|261||1333|
20|4|9|261||1334|
20|4|9|261||1335|
20|4|9|266||1352|
20|4|6|274||1368|
20|4|6|274||1369|
20|4|6|274||1370|
20|4|9|278||1398|
20|4|9|278||1399|
20|4|9|278||1400|
20|4|9|286||1416|
20|4|9|294||1437|
20|4|9|296||1440|
20|4|9|296||1441|
20|4|9|296||1442|
20|4|9|296||1443|
20|4|9|296||1444|
20|4|9|296||1445|
20|4|9|296||1446|
20|4|9|296||1447|
20|4|9|297||1448|
20|4|9|301||1458|
20|4|9|321||1515|
20|4|9|333||1585|
20|4|9|333||1586|
20|4|9|333||1587|
20|4|9|333||1588|
20|4|9|336||1601|
20|4|9|337||1602|
20|4|9|337||1603|
20|4|9|346||1626|
20|4|9|356||1644|
20|4|9|356||1645|
20|4|9|363||1654|
20|4|9|363||1655|
20|4|9|363||1656|
20|4|9|363||1657|
20|4|9|365||1665|
20|4|9|365||1666|
20|4|9|365||1667|
20|4|9|381||1703|
20|4|9|397||1778|
20|4|9|397||1779|
20|4|10|418||1860|
20|4|10|418||1861|
20|4|10|418||1862|
20|4|10|418||1863|
20|4|10|418||1864|
20|4|10|418||1865|
20|4|9|420||1873|
20|4|9|433||1907|
20|4|9|436||1911|
20|4|9|436||1912|
20|4|9|438||1914|
20|4|9|438||1915|
20|4|9|438||1916|
20|4|9|438||1917|
20|4|9|443||1933|
20|4|9|444||1934|
20|4|9|455||1969|
20|4|9|455||1970|
20|4|9|458||1976|
20|4|9|458||1977|
20|4|6|460||1987|
20|4|6|460||1988|9010
20|4|6|460||1989|
20|4|6|460||1990|
20|4|9|461||1991|
20|4|9|461||1992|
20|4|6|469||2025|
20|4|6|469||2026|
20|4|6|469||2027|
20|4|6|469||2028|
20|4|6|469||2029|
20|4|6|469||2030|
20|4|6|469||2031|
20|4|6|469||2032|
20|4|9|472||2056|
20|4|9|474||2060|
20|4|9|474||2061|
20|4|9|476||2065|
20|4|9|476||2066|
20|4|9|476||2067|
20|4|9|476||2068|
20|4|9|476||2069|
20|4|9|497||2148|
20|4|9|497||2149|
20|4|9|503||2167|
20|4|9|503||2168|
20|4|9|503||2169|
20|4|9|503||2170|
20|4|9|504||2171|
20|4|9|505||2172|
20|4|9|514||2199|
20|4|9|517||2231|
20|4|9|517||2232|
20|4|9|517||2233|
20|4|9|522||2245|
20|4|9|540||2311|
20|4|9|540||2312|
20|4|9|540||2313|
20|4|9|540||2314|
20|4|9|540||2315|
20|4|9|541||2316|
20|4|9|541||2317|
20|4|9|546||2331|
20|4|9|546||2332|
20|4|9|546||2333|
20|4|9|546||2334|
20|4|9|550||2352|
20|4|9|550||2353|
20|4|9|550||2354|
20|4|9|550||2355|
20|4|9|550||2356|
20|4|9|550||2357|
20|4|9|550||2358|
20|4|9|550||2359|
20|4|9|550||2360|
20|4|9|550||2361|
20|4|9|554||2386|
20|4|9|554||2387|
20|4|9|554||2388|
20|4|9|554||2389|
20|4|9|554||2390|
20|4|9|559||2407|
20|4|9|561||2412|
20|4|9|561||2413|
20|4|9|561||2414|
20|4|9|561||2415|
20|4|9|561||2416|
20|4|9|562||2417|
20|4|9|562||2418|
20|5|1|9||68|
20|5|1|9||69|
20|5|7|35||194|
20|5|7|35||195|
20|5|7|35||196|
20|5|7|35||197|
20|5|1|51||380|
20|5|1|51||381|
20|5|1|51||382|
20|5|1|51||383|
20|5|1|51||384|
20|5|1|51||385|
20|5|7|52||386|
20|5|1|64||461|
20|5|1|64||462|
20|5|1|64||463|
20|5|1|64||464|
20|5|1|64||465|
20|5|1|64||466|
20|5|1|64||467|
20|5|1|64||468|
20|5|7|76||669|
20|5|7|76||670|
20|5|7|76||671|
20|5|7|76||672|
20|5|7|76||673|
20|5|7|76||674|
20|5|7|76||675|
20|5|7|76||676|
20|5|7|76||677|
20|5|7|76||678|
20|5|7|76||679|
20|5|7|76||680|
20|5|7|76||681|
20|5|7|76||682|
20|5|7|76||683|
20|5|7|76||684|
20|5|7|76||685|
20|5|7|76||686|
20|5|7|76||687|
20|5|7|76||688|
20|5|7|76||689|
20|5|7|76||690|
20|5|7|76||691|
20|5|7|76||692|
20|5|7|76||693|
20|5|7|76||694|
20|5|7|76||695|
20|5|7|76||696|
20|5|7|76||697|
20|5|7|76||698|
20|5|7|76||699|
20|5|7|76||700|
20|5|7|76||701|
20|5|7|76||702|
20|5|7|76||703|
20|5|7|76||704|
20|5|7|76||705|
20|5|7|76||706|
20|5|7|76||707|
20|5|7|76||708|
20|5|7|76||709|
20|5|1|114||803|
20|5|7|121||814|
20|5|7|121||815|
20|5|7|121||816|
20|5|7|121||817|
20|5|7|121||818|
20|5|7|121||819|
20|5|1|122||820|
20|5|1|122||821|
20|5|1|122||822|
20|5|1|122||823|
20|5|1|122||824|
20|5|1|122||825|
20|5|1|122||826|
20|5|1|122||827|
20|5|1|122||828|
20|5|1|122||829|
20|5|1|122||830|
20|5|6|192||1119|
20|5|6|192||1120|
20|5|6|192||1121|
20|5|6|192||1122|
20|5|6|192||1123|
20|5|6|192||1124|
20|5|6|192||1125|
20|5|6|192||1126|
20|5|6|192||1127|
20|5|6|192||1128|
20|5|1|205||1176|
20|5|6|207||1184|
20|5|6|207||1185|
20|5|6|207||1186|
20|5|6|207||1187|
20|5|6|207||1188|
20|5|6|207||1189|
20|5|6|207||1190|
20|5|6|207||1191|
20|5|6|207||1192|
20|5|7|247||1297|
20|5|7|247||1298|
20|5|7|247||1299|
20|5|7|247||1300|
20|5|7|247||1301|
20|5|1|280||1402|
20|5|1|280||1403|
20|5|7|303||1461|
20|5|7|303||1462|
20|5|1|305||1465|
20|5|1|305||1466|
20|5|1|305||1467|
20|5|1|305||1468|
20|5|1|305||1469|
20|5|1|305||1470|
20|5|1|305||1471|
20|5|7|306||1472|
20|5|9|323||1535|
20|5|9|323||1536|
20|5|9|323||1537|
20|5|9|323||1538|
20|5|9|323||1539|
20|5|9|323||1540|
20|5|1|331||1561|
20|5|1|331||1562|
20|5|1|331||1563|
20|5|1|357||1646|
20|5|1|411||1834|
20|5|1|411||1835|
20|5|1|411||1836|
20|5|1|411||1837|
20|5|7|413||1839|
20|5|7|413||1840|
20|5|7|419||1866|
20|5|7|419||1867|
20|5|7|419||1868|
20|5|7|419||1869|
20|5|7|419||1870|
20|5|7|419||1871|
20|5|7|419||1872|
20|5|7|422||1875|
20|5|7|422||1876|
20|5|7|422||1877|
20|5|1|429||1903|
20|5|7|441||1928|
20|5|1|454||1965|
20|5|1|454||1966|
20|5|1|454||1967|
20|5|1|454||1968|
20|5|6|466||2004|
20|5|7|471||2050|
20|5|7|471||2051|
20|5|7|471||2052|
20|5|7|471||2053|
20|5|7|471||2055|
20|5|7|473||2057|
20|5|7|473||2058|
20|5|7|473||2059|
20|5|6|499||2151|
20|5|6|499||2152|
20|5|6|499||2153|
20|5|6|499||2154|
20|5|6|499||2155|
20|5|7|507||2175|
20|5|7|515||2054|
20|5|7|515||2200|
20|5|7|515||2201|
20|5|7|515||2202|
20|5|7|515||2203|
20|5|7|515||2204|
20|5|7|515||2205|
20|5|7|515||2206|
20|5|7|515||2207|
20|5|7|515||2208|
20|5|7|515||2209|
20|5|7|515||2210|
20|5|7|515||2211|
20|5|7|515||2212|
20|5|7|515||2213|
20|5|7|515||2214|
20|5|7|515||2215|
20|5|7|515||2216|
20|5|7|515||2217|
20|5|7|515||2218|
20|5|7|515||2219|
20|5|7|515||2220|
20|5|7|515||2221|
20|5|7|515||2222|
20|5|7|515||2223|
20|5|7|515||2224|
20|5|7|515||2225|
20|5|7|515||2226|
20|5|7|515||2227|
20|5|7|515||2228|
20|6|4|7||57|
20|6|4|7||58|
20|6|4|7||59|
20|6|4|7||60|
20|6|4|7||61|
20|6|4|7||62|
20|6|4|7||63|
20|6|4|7||64|
20|6|2|16||104|
20|6|2|16||105|
20|6|2|16||106|
20|6|2|16||107|
20|6|2|16||108|
20|6|2|16||109|
20|6|2|16||110|
20|6|2|23||131|
20|6|2|23||132|
20|6|2|23||133|
20|6|2|36||198|
20|6|2|36||199|
20|6|2|36||200|
20|6|4|46||369|
20|6|4|46||370|
20|6|4|46||371|
20|6|4|46||372|
20|6|2|49||375|
20|6|2|49||376|
20|6|2|49||377|
20|6|4|53||387|
20|6|4|54||388|
20|6|2|71||643|9005
20|6|2|71||644|
20|6|2|71||645|
20|6|2|71||646|
20|6|2|71||647|
20|6|2|71||648|
20|6|2|71||649|
20|6|2|71||650|
20|6|2|71||651|
20|6|2|71||652|
20|6|2|71||653|
20|6|2|71||654|
20|6|2|71||655|
20|6|2|71||656|
20|6|2|71||657|
20|6|2|71||658|
20|6|2|71||659|
20|6|2|71||660|
20|6|2|73||663|
20|6|2|73||664|
20|6|2|73||665|
20|6|2|83||734|
20|6|2|83||735|
20|6|2|85||738|
20|6|2|85||739|
20|6|2|85||740|
20|6|4|91||751|
20|6|4|91||752|
20|6|4|93||756|
20|6|2|107||789|
20|6|4|118||810|
20|6|2|124||835|
20|6|2|130||847|
20|6|2|130||848|
20|6|2|130||849|
20|6|2|130||850|
20|6|4|137||876|
20|6|4|141||891|
20|6|4|141||892|
20|6|4|144||896|
20|6|4|171||978|
20|6|4|196||1134|
20|6|4|196||1135|
20|6|2|208||1193|
20|6|2|208||1194|
20|6|2|208||1195|
20|6|2|208||1196|
20|6|2|208||1197|
20|6|2|208||1198|
20|6|2|208||1199|
20|6|2|208||1200|
20|6|2|208||1201|
20|6|2|208||1202|
20|6|2|208||1203|
20|6|2|210||1205|
20|6|2|210||1206|
20|6|2|210||1207|
20|6|2|210||1208|
20|6|2|210||1209|
20|6|4|215||1219|
20|6|4|217||1221|
20|6|4|217||1222|
20|6|4|217||1223|
20|6|4|217||1224|
20|6|2|218||1225|
20|6|4|239||1283|
20|6|2|240||1284|
20|6|4|248||1302|
20|6|2|250||1304|
20|6|2|250||1305|
20|6|4|253||1314|
20|6|4|257||1319|
20|6|2|268||1354|
20|6|2|268||1355|
20|6|2|268||1356|
20|6|2|268||1357|
20|6|2|268||1358|
20|6|4|273||1367|
20|6|4|279||1401|
20|6|2|295||1438|
20|6|2|295||1439|
20|6|2|298||1449|
20|6|2|298||1450|
20|6|2|298||1451|
20|6|4|302||1459|
20|6|4|302||1460|
20|6|4|315||1496|
20|6|4|315||1497|
20|6|2|318||1512|
20|6|4|327||1554|
20|6|4|329||1558|
20|6|4|329||1559|
20|6|4|330||1560|
20|6|4|352||1640|
20|6|4|371||1677|
20|6|2|372||1678|
20|6|2|372||1679|
20|6|2|373||1680|
20|6|2|373||1681|
20|6|2|373||1682|
20|6|2|378||1691|
20|6|2|378||1692|
20|6|2|378||1693|
20|6|2|378||1694|
20|6|2|378||1695|
20|6|2|378||1696|
20|6|2|378||1697|
20|6|2|378||1698|
20|6|2|380||1702|
20|6|5|383||1707|
20|6|4|384||1708|
20|6|4|391||1743|
20|6|4|391||1744|
20|6|4|391||1745|
20|6|2|394||1771|
20|6|2|394||1772|
20|6|2|394||1773|
20|6|2|394||1774|
20|6|2|394||1775|
20|6|4|398||1780|
20|6|4|398||1781|
20|6|4|409||1828|
20|6|2|416||1856|
20|6|2|416||1857|
20|6|2|416||1858|
20|6|4|424||1880|
20|6|4|424||1881|
20|6|4|428||1898|
20|6|4|428||1899|
20|6|4|428||1900|
20|6|4|428||1901|
20|6|4|428||1902|
20|6|4|431||1905|
20|6|5|445||1935|
20|6|2|446||1936|
20|6|2|447||1937|
20|6|2|447||1938|
20|6|2|447||1939|
20|6|2|448||1940|
20|6|2|448||1941|
20|6|2|448||1942|
20|6|2|448||1943|
20|6|2|448||1944|
20|6|2|448||1945|
20|6|2|448||1946|
20|6|2|448||1947|
20|6|2|448||1948|
20|6|2|448||1949|
20|6|4|464||1999|
20|6|4|464||2000|
20|6|4|464||2001|
20|6|4|480||2076|
20|6|2|482||2084|
20|6|2|482||2085|
20|6|2|483||2086|
20|6|2|483||2087|
20|6|4|493||2135|
20|6|4|493||2136|
20|6|4|493||2137|
20|6|4|493||2138|
20|6|4|494||2139|
20|6|4|495||2140|
20|6|4|495||2141|
20|6|4|495||2142|
20|6|4|495||2143|
20|6|5|501||2158|
20|6|5|501||2159|
20|6|5|501||2160|
20|6|5|501||2161|
20|6|5|501||2162|
20|6|5|501||2163|
20|6|5|501||2164|
20|6|5|510||2185|
20|6|4|511||2186|
20|6|4|511||2187|
20|6|4|511||2188|
20|6|4|518||2234|
20|6|2|528||2262|
20|6|2|528||2263|
20|6|2|553||2367|
20|6|2|553||2368|
20|6|2|553||2369|
20|6|2|553||2370|
20|6|2|553||2371|
20|6|2|553||2372|
20|6|2|553||2373|
20|6|2|553||2374|
20|6|2|553||2375|
20|6|2|553||2376|
20|6|2|553||2377|
20|6|2|553||2378|
20|6|2|553||2379|
20|6|2|553||2380|
20|6|2|553||2381|
20|6|2|553||2382|
20|6|2|553||2383|
20|6|2|553||2384|
20|6|2|553||2385|
20|6|2|553||2452|
20|6|4|565||2422|
20|7|6|6||43|
20|7|6|6||44|
20|7|6|6||45|
20|7|6|6||46|
20|7|6|6||47|
20|7|6|6||48|
20|7|6|6||49|
20|7|6|6||50|
20|7|6|6||51|
20|7|6|6||52|
20|7|6|6||53|
20|7|6|6||54|
20|7|6|6||55|
20|7|6|6||56|
20|7|6|12||77|
20|7|6|12||78|
20|7|6|12||79|
20|7|6|12||80|
20|7|6|12||81|
20|7|6|12||82|
20|7|6|12||83|
20|7|6|12||84|
20|7|6|12||85|
20|7|6|12||86|
20|7|6|15||97|
20|7|6|15||98|
20|7|6|15||99|
20|7|6|15||100|
20|7|6|15||101|
20|7|6|15||102|
20|7|6|15||103|
20|7|7|30||180|
20|7|7|30||181|
20|7|7|30||182|
20|7|7|30||183|
20|7|7|30||184|
20|7|7|30||185|
20|7|7|30||186|
20|7|6|41||258|
20|7|6|41||259|
20|7|6|41||260|
20|7|6|41||261|
20|7|6|41||262|
20|7|6|41||263|
20|7|6|41||264|
20|7|6|41||265|
20|7|6|41||266|
20|7|6|41||267|
20|7|6|41||268|
20|7|6|41||269|
20|7|6|41||270|
20|7|6|41||271|
20|7|6|41||272|
20|7|6|41||273|
20|7|6|41||274|
20|7|6|41||275|
20|7|7|43||283|
20|7|7|43||284|
20|7|7|43||285|
20|7|7|43||286|
20|7|7|43||287|
20|7|7|43||288|
20|7|7|43||289|
20|7|7|43||290|
20|7|7|43||291|
20|7|7|43||292|
20|7|7|43||293|
20|7|7|43||294|
20|7|7|43||295|
20|7|7|43||296|
20|7|7|43||297|
20|7|7|43||298|
20|7|7|43||299|
20|7|7|43||300|
20|7|7|43||301|
20|7|7|43||302|
20|7|7|43||303|
20|7|7|43||304|
20|7|7|43||305|
20|7|7|43||306|
20|7|7|43||307|
20|7|7|43||308|
20|7|7|43||309|
20|7|7|43||310|
20|7|7|43||311|
20|7|7|43||312|
20|7|7|43||313|
20|7|7|43||314|
20|7|7|43||315|
20|7|7|43||316|
20|7|7|43||317|
20|7|7|43||318|
20|7|7|43||319|
20|7|7|43||320|
20|7|7|43||321|
20|7|7|43||322|
20|7|7|43||323|
20|7|7|43||324|
20|7|7|43||325|
20|7|7|43||326|
20|7|7|43||327|
20|7|7|43||328|
20|7|7|43||329|
20|7|7|43||330|
20|7|7|43||331|
20|7|7|43||332|
20|7|6|57||397|
20|7|6|57||398|
20|7|6|57||399|
20|7|6|57||400|
20|7|6|57||401|
20|7|6|57||402|
20|7|6|57||403|
20|7|6|57||404|
20|7|6|57||405|
20|7|6|57||406|
20|7|6|57||407|
20|7|6|57||408|
20|7|6|57||409|
20|7|6|57||410|
20|7|6|57||411|
20|7|6|57||412|
20|7|6|57||413|
20|7|6|57||414|
20|7|6|57||415|
20|7|6|57||416|
20|7|6|57||417|
20|7|6|57||418|
20|7|6|57||419|
20|7|6|57||420|
20|7|6|57||421|
20|7|6|72||661|
20|7|6|72||662|
20|7|7|127||838|
20|7|7|127||839|
20|7|7|127||840|
20|7|7|138||877|
20|7|7|138||878|
20|7|7|138||879|
20|7|7|138||880|
20|7|7|138||881|
20|7|6|140||883|
20|7|6|140||884|
20|7|6|140||885|
20|7|6|140||886|
20|7|6|140||887|
20|7|6|140||888|
20|7|6|140||889|
20|7|6|140||890|
20|7|6|199||1139|
20|7|6|199||1140|
20|7|6|199||1141|
20|7|6|199||1142|
20|7|6|199||1143|9007
20|7|6|199||1144|
20|7|6|199||1145|
20|7|6|199||1146|
20|7|6|199||1147|
20|7|6|199||1148|
20|7|6|199||1149|
20|7|6|199||1150|
20|7|6|199||1151|
20|7|6|199||1152|
20|7|6|199||1153|
20|7|6|199||1154|
20|7|6|199||1155|
20|7|6|199||1156|
20|7|6|199||1157|
20|7|6|199||1158|
20|7|6|199||1159|
20|7|6|199||1160|
20|7|6|199||1161|
20|7|6|263||1338|
20|7|6|263||1339|
20|7|6|263||1340|
20|7|6|263||1341|
20|7|6|263||1342|
20|7|6|263||1343|
20|7|6|263||1344|
20|7|6|325||1544|
20|7|6|325||1545|
20|7|6|325||1546|
20|7|6|325||1547|
20|7|6|325||1548|
20|7|6|325||1549|
20|7|6|325||1550|
20|7|6|325||1551|
20|7|6|325||1552|
20|7|6|405||1810|
20|7|6|405||1811|
20|7|6|405||1812|
20|7|6|405||1813|
20|7|6|405||1814|
20|7|6|405||1815|
20|7|6|427||1888|
20|7|6|427||1889|
20|7|6|427||1890|
20|7|6|427||1891|
20|7|6|427||1892|
20|7|6|427||1893|
20|7|6|427||1894|
20|7|6|427||1895|
20|7|6|427||1896|
20|7|6|427||1897|
20|7|7|442||1929|
20|7|7|442||1930|
20|7|7|442||1931|
20|7|7|442||1932|
20|7|6|481||2077|
20|7|6|481||2078|
20|7|6|481||2079|
20|7|6|481||2080|
20|7|6|481||2081|
20|7|6|481||2082|
20|7|6|481||2083|
20|7|6|509||2180|
20|7|6|509||2181|
20|7|6|509||2182|
20|7|6|509||2183|
20|7|6|509||2184|
20|7|6|513||2190|
20|7|6|513||2191|
20|7|6|513||2192|
20|7|6|513||2193|
20|7|6|513||2194|
20|7|6|513||2195|
20|7|6|513||2196|
20|7|6|513||2197|
20|7|6|513||2198|
20|7|6|525||2249|
20|7|6|525||2250|
20|7|6|525||2251|
20|7|6|525||2252|
20|7|6|525||2253|
20|7|6|525||2254|
20|7|6|525||2255|
20|7|6|525||2256|
20|7|6|525||2257|
20|7|7|557||2394|
20|7|7|557||2395|
20|7|7|557||2396|
20|7|7|557||2397|
20|7|7|557||2398|
20|7|7|557||2399|
20|7|7|557||2400|
20|7|7|557||2401|
20|7|7|557||2402|
20|7|7|557||2403|
20|7|7|557||2404|
20|8|5|3||35|
20|8|5|3||36|
20|8|11|66||470|
20|8|11|66||471|
20|8|11|66||472|
20|8|11|66||473|
20|8|11|66||474|
20|8|11|66||475|
20|8|11|66||476|
20|8|11|66||477|
20|8|11|66||478|
20|8|11|66||479|
20|8|11|66||480|
20|8|11|66||481|
20|8|11|66||482|
20|8|11|66||483|
20|8|11|66||484|
20|8|11|66||485|
20|8|11|66||486|
20|8|11|66||487|
20|8|11|66||488|
20|8|11|66||489|
20|8|11|66||490|
20|8|11|66||491|
20|8|11|66||492|
20|8|11|66||493|
20|8|11|66||494|
20|8|11|66||495|
20|8|11|66||496|
20|8|11|66||497|
20|8|11|66||498|
20|8|11|66||499|
20|8|11|66||500|
20|8|11|66||501|
20|8|11|66||502|
20|8|11|66||503|
20|8|11|66||504|
20|8|11|66||505|
20|8|11|66||506|
20|8|11|66||507|
20|8|11|66||508|
20|8|11|66||509|
20|8|11|66||510|
20|8|11|66||511|
20|8|11|66||512|
20|8|11|66||513|
20|8|11|66||514|
20|8|11|66||515|
20|8|11|66||516|
20|8|11|66||517|
20|8|11|66||518|
20|8|11|66||519|
20|8|11|66||520|
20|8|11|66||521|
20|8|11|66||522|
20|8|11|66||523|
20|8|11|66||524|
20|8|11|66||525|
20|8|11|66||526|
20|8|11|66||527|
20|8|11|66||528|
20|8|11|66||529|
20|8|11|66||530|
20|8|11|66||531|
20|8|11|66||532|
20|8|11|66||533|
20|8|11|66||534|
20|8|11|66||535|
20|8|11|66||536|
20|8|11|66||537|
20|8|11|66||538|
20|8|11|66||539|
20|8|11|66||540|
20|8|11|66||541|
20|8|11|66||542|
20|8|11|66||543|
20|8|11|66||544|
20|8|11|66||545|
20|8|11|66||546|
20|8|11|66||547|
20|8|11|66||548|
20|8|11|66||549|
20|8|11|66||550|
20|8|11|66||551|
20|8|11|66||552|
20|8|11|66||553|
20|8|11|66||554|
20|8|11|66||555|
20|8|11|66||556|
20|8|11|66||557|
20|8|11|66||558|
20|8|11|66||559|
20|8|11|66||560|
20|8|11|66||561|
20|8|11|66||562|
20|8|11|66||563|
20|8|11|66||564|
20|8|11|66||565|
20|8|11|66||566|
20|8|11|66||567|
20|8|11|66||568|
20|8|11|66||569|
20|8|11|66||570|
20|8|11|66||571|
20|8|11|66||572|
20|8|11|66||573|
20|8|11|66||574|
20|8|11|66||575|
20|8|11|66||576|
20|8|11|66||577|
20|8|11|66||578|
20|8|11|66||579|
20|8|11|66||580|
20|8|11|66||581|
20|8|11|66||582|
20|8|11|66||583|
20|8|11|66||584|
20|8|11|66||585|
20|8|11|66||586|
20|8|11|66||587|
20|8|11|66||588|
20|8|11|66||589|
20|8|11|66||590|
20|8|11|66||591|
20|8|11|66||592|
20|8|11|66||593|
20|8|11|66||594|
20|8|11|66||595|
20|8|11|66||596|
20|8|11|66||597|
20|8|11|66||598|
20|8|11|66||599|
20|8|11|66||600|
20|8|11|66||601|
20|8|11|66||602|
20|8|11|66||603|
20|8|11|66||604|
20|8|11|66||605|
20|8|11|66||606|
20|8|11|66||607|
20|8|11|66||608|
20|8|11|66||609|
20|8|11|66||610|
20|8|11|66||611|
20|8|11|66||612|
20|8|11|66||613|
20|8|11|66||614|
20|8|11|66||615|
20|8|11|66||616|
20|8|9|75||668|
20|8|5|80||717|
20|8|5|80||718|
20|8|9|84||736|
20|8|9|84||737|
20|8|9|88||747|
20|8|9|88||748|
20|8|4|89||749|
20|8|5|104||777|
20|8|5|104||778|
20|8|5|104||779|
20|8|5|104||780|
20|8|5|104||781|
20|8|5|112||798|
20|8|5|112||799|
20|8|5|112||800|
20|8|11|154||917|
20|8|11|154||918|
20|8|11|154||919|
20|8|9|161||934|
20|8|9|161||935|
20|8|9|161||936|
20|8|9|161||937|
20|8|4|291||1423|
20|8|4|291||1424|
20|8|4|291||1425|
20|8|4|308||1482|
20|8|4|308||1483|
20|8|4|339||1605|
20|8|9|340||1606|
20|8|5|347||1627|
20|8|5|347||1628|
20|8|5|347||1629|
20|8|5|347||1630|
20|8|5|347||1631|
20|8|5|347||1632|
20|8|5|347||1633|
20|8|5|376||1686|
20|8|5|376||1687|
20|8|5|376||1688|
20|8|5|376||1689|
20|8|5|392||1746|
20|8|5|392||1747|
20|8|5|392||1748|
20|8|5|392||1749|
20|8|5|392||1750|
20|8|5|392||1751|
20|8|5|392||1752|
20|8|5|392||1753|
20|8|5|392||1754|
20|8|5|392||1755|
20|8|5|392||1756|
20|8|5|392||1757|
20|8|5|392||1758|
20|8|5|392||1759|
20|8|5|392||1760|
20|8|5|392||1761|
20|8|5|392||1762|
20|8|5|392||1763|
20|8|5|392||1764|
20|8|5|392||1765|
20|8|5|392||1766|
20|8|5|392||1767|
20|8|5|392||1768|
20|8|4|400||1784|
20|8|4|400||1785|
20|8|4|400||1786|
20|8|5|408||1827|
20|8|9|410||1829|
20|8|9|410||1830|
20|8|9|410||1831|
20|8|9|410||1832|
20|8|9|410||1833|
20|8|9|412||1838|
20|8|9|519||2235|
20|8|9|519||2236|
20|8|9|552||2363|
20|8|9|552||2364|9011
20|8|9|552||2364|9012
20|8|9|552||2365|
20|8|9|552||2366|
20|9|9|8||65|
20|9|9|8||66|
20|9|9|8||67|
20|9|5|10||70|
20|9|5|10||71|
20|9|5|10||72|
20|9|5|10||73|
20|9|5|17||111|
20|9|5|17||112|
20|9|4|26||147|
20|9|4|26||148|
20|9|4|26||149|
20|9|4|26||150|
20|9|4|26||151|
20|9|4|26||152|
20|9|5|47||373|
20|9|5|48||374|
20|9|9|67||617|9001
20|9|9|67||618|
20|9|9|67||619|
20|9|9|67||620|
20|9|9|67||621|
20|9|9|67||622|
20|9|9|67||623|
20|9|9|67||624|
20|9|9|67||625|
20|9|9|67||626|9004
20|9|9|67||626|9003
20|9|9|67||626|9002
20|9|9|67||627|
20|9|9|67||628|
20|9|9|67||629|
20|9|9|67||630|
20|9|9|67||631|
20|9|5|98||763|
20|9|9|100||766|
20|9|9|100||767|
20|9|9|100||768|
20|9|9|100||769|
20|9|5|101||770|
20|9|5|101||771|
20|9|5|105||782|
20|9|5|105||783|
20|9|5|105||784|
20|9|5|105||785|
20|9|5|105||786|
20|9|5|105||787|
20|9|9|109||792|
20|9|9|109||793|
20|9|5|120||812|
20|9|5|120||813|
20|9|9|129||846|
20|9|5|134||871|
20|9|5|134||872|
20|9|5|134||873|
20|9|5|146||899|
20|9|5|152||913|
20|9|5|155||920|
20|9|9|159||931|
20|9|5|169||958|
20|9|5|169||959|
20|9|5|169||960|
20|9|5|169||961|
20|9|9|186||1107|
20|9|5|229||1249|
20|9|5|229||1250|
20|9|5|241||1285|
20|9|9|243||1291|
20|9|5|270||1361|
20|9|5|270||1362|
20|9|5|272||1365|
20|9|5|272||1366|
20|9|9|282||1407|
20|9|9|282||1408|
20|9|5|290||1422|
20|9|5|293||1431|
20|9|5|293||1432|
20|9|5|293||1433|
20|9|5|293||1434|
20|9|5|293||1435|
20|9|5|293||1436|
20|9|9|299||1452|
20|9|9|299||1453|
20|9|9|313||1494|
20|9|5|326||1553|
20|9|5|351||1639|
20|9|5|358||1647|
20|9|5|358||1648|
20|9|9|360||1650|
20|9|9|360||1651|
20|9|9|368||1673|
20|9|9|368||1674|
20|9|5|369||1675|
20|9|5|379||1699|
20|9|5|379||1700|
20|9|5|379||1701|
20|9|11|386||37|
20|9|11|386||38|
20|9|11|386||1712|
20|9|11|386||1713|
20|9|11|386||1714|
20|9|11|386||1715|
20|9|11|386||1716|
20|9|11|386||1717|
20|9|11|386||1718|
20|9|11|386||1719|
20|9|11|386||1720|
20|9|11|386||1721|
20|9|11|386||1722|
20|9|11|386||1723|
20|9|11|386||1724|
20|9|11|386||1725|
20|9|4|386||1726|9008
20|9|11|386||1727|
20|9|11|386||1728|
20|9|11|386||1729|
20|9|5|387||1730|
20|9|5|387||1731|
20|9|5|387||1732|
20|9|5|387||1733|
20|9|5|387||1734|
20|9|5|387||1735|
20|9|5|387||1736|
20|9|5|387||1737|
20|9|5|388||1738|
20|9|5|388||1739|
20|9|5|388||1740|
20|9|5|389||1741|
20|9|9|390||1742|
20|9|9|395||1776|
20|9|5|421||1874|9009
20|9|5|430||1904|
20|9|5|449||1950|
20|9|5|451||1955|
20|9|5|451||1956|
20|9|5|451||1957|
20|9|5|451||1958|
20|9|5|451||1959|
20|9|9|453||1962|
20|9|9|453||1963|
20|9|9|453||1964|
20|9|5|492||2133|
20|9|5|492||2134|
20|9|5|516||2229|
20|9|5|516||2230|
20|9|9|526||2258|
20|9|9|526||2259|
20|9|9|526||2260|
20|9|5|536||2291|
20|9|5|536||2292|
20|9|5|536||2293|
20|9|5|536||2294|
20|9|5|536||2295|
20|9|5|536||2296|
20|9|5|536||2297|
20|9|5|536||2298|
20|9|5|536||2299|
20|9|5|536||2300|
20|9|5|555||2391|
20|9|5|555||2392|
20|9|5|563||2419|
20|9|5|563||2420|
20|9|5|566||2423|
20|9|5|566||2424|
20|9|5|566||2425|
20|9|5|566||2426|
20|9|5|566||2427|
20|9|5|566||2428|
20|9|5|566||2429|
20|9|5|567||2430|
20|9|5|567||2431|
20|9|5|570||2436|
20|9|5|570||2437|
20|9|5|570||2438|
20|9|5|570||2439|
20|9|5|570||2440|
20|9|5|570||2441|
20|9|5|570||2442|
20|9|5|570||2443|
20|9|5|570||2444|
20|9|5|570||2445|
20|9|5|570||2446|
20|9|5|570||2447|
20|9|5|570||2448|
20|9|5|570||2449|
20|10|1|14||90|
20|10|1|14||91|
20|10|1|14||92|
20|10|1|14||93|
20|10|1|14||94|
20|10|1|14||95|
20|10|1|14||96|
20|10|5|18||113|
20|10|5|18||114|
20|10|5|18||115|
20|10|5|18||116|
20|10|5|20||121|
20|10|5|20||122|
20|10|5|20||123|
20|10|5|20||124|
20|10|5|28||157|
20|10|5|28||158|
20|10|5|28||159|
20|10|5|28||160|
20|10|5|28||161|
20|10|5|28||162|
20|10|5|28||163|
20|10|5|28||164|
20|10|5|28||165|
20|10|5|28||166|
20|10|5|28||167|
20|10|5|28||168|
20|10|5|28||169|
20|10|5|28||170|
20|10|5|28||171|
20|10|5|28||172|
20|10|5|28||173|
20|10|5|28||174|
20|10|5|28||175|
20|10|1|59||432|
20|10|1|59||433|
20|10|1|59||434|
20|10|1|59||435|
20|10|1|59||436|
20|10|1|59||437|
20|10|1|59||438|
20|10|1|59||439|
20|10|1|59||440|
20|10|1|59||441|
20|10|1|59||442|
20|10|1|59||443|
20|10|1|59||444|
20|10|1|59||445|
20|10|1|59||446|
20|10|1|59||447|
20|10|1|59||448|
20|10|1|59||449|
20|10|1|59||450|
20|10|1|59||451|
20|10|1|59||452|
20|10|1|59||453|9000
20|10|1|61||456|
20|10|1|61||457|
20|10|5|68||632|
20|10|1|70||638|
20|10|1|70||639|
20|10|1|70||640|
20|10|1|70||641|
20|10|1|70||642|
20|10|5|77||710|
20|10|5|77||711|
20|10|1|82||721|
20|10|1|82||722|
20|10|1|82||723|
20|10|1|82||724|
20|10|1|82||725|
20|10|1|82||726|
20|10|1|82||727|
20|10|1|82||728|
20|10|1|82||729|
20|10|1|82||730|
20|10|1|82||731|
20|10|1|82||732|
20|10|1|82||733|
20|10|1|92||753|
20|10|1|92||754|
20|10|1|92||755|
20|10|1|110||794|
20|10|1|116||807|
20|10|1|116||808|
20|10|1|123||831|
20|10|1|123||832|
20|10|1|123||833|
20|10|1|123||834|
20|10|1|143||894|
20|10|1|143||895|
20|10|1|145||897|
20|10|1|145||898|
20|10|1|151||911|
20|10|1|151||912|
20|10|3|156||921|
20|10|3|156||922|
20|10|3|156||923|
20|10|1|165||949|
20|10|1|165||950|
20|10|1|168||955|
20|10|1|168||956|
20|10|1|168||957|
20|10|5|204||1172|
20|10|5|204||1173|
20|10|5|204||1174|
20|10|5|204||1175|
20|10|1|209||1204|
20|10|1|211||1210|
20|10|1|211||1211|
20|10|1|211||1212|
20|10|1|235||1271|
20|10|1|235||1272|
20|10|1|235||1273|
20|10|1|235||1274|
20|10|1|235||1275|
20|10|1|236||1276|
20|10|1|236||1277|
20|10|5|238||1282|
20|10|1|251||1306|
20|10|1|251||1307|
20|10|1|251||1308|
20|10|1|251||1309|
20|10|1|252||1310|
20|10|1|252||1311|
20|10|1|252||1312|
20|10|1|252||1313|
20|10|1|264||1345|
20|10|1|264||1346|
20|10|1|265||1347|
20|10|1|265||1348|
20|10|1|265||1349|
20|10|1|265||1350|
20|10|1|265||1351|
20|10|1|265||2450|
20|10|5|267||1353|
20|10|1|277||1396|
20|10|1|277||1397|
20|10|1|287||1417|
20|10|3|289||1419|
20|10|3|289||1420|
20|10|3|289||1421|
20|10|1|304||1463|
20|10|1|304||1464|
20|10|1|314||1495|
20|10|1|317||1511|
20|10|1|322||1516|
20|10|1|322||1517|
20|10|1|322||1518|
20|10|1|322||1519|
20|10|1|322||1520|
20|10|1|322||1521|
20|10|1|322||1522|
20|10|1|322||1523|
20|10|1|322||1524|
20|10|1|322||1525|
20|10|1|322||1526|
20|10|1|322||1527|
20|10|1|322||1528|
20|10|1|322||1529|
20|10|1|322||1530|
20|10|1|322||1531|
20|10|1|322||1532|
20|10|1|322||1533|
20|10|1|322||1534|
20|10|3|341||1607|
20|10|3|341||1608|
20|10|1|344||1614|
20|10|1|344||1615|
20|10|1|344||1616|
20|10|1|348||1634|
20|10|1|348||1635|
20|10|5|350||1637|
20|10|5|350||1638|
20|10|1|353||1641|
20|10|1|361||1652|
20|10|1|362||1653|
20|10|1|366||1668|
20|10|1|366||1669|
20|10|1|366||1670|
20|10|1|370||1676|
20|10|1|385||1709|
20|10|1|385||1710|
20|10|1|385||1711|
20|10|1|393||1769|
20|10|1|393||1770|
20|10|1|414||1841|
20|10|1|414||1842|
20|10|1|414||1843|
20|10|1|414||1844|
20|10|1|414||1845|
20|10|1|414||1846|
20|10|1|414||1847|
20|10|1|414||1848|
20|10|1|414||1849|
20|10|1|414||1850|
20|10|1|425||1882|
20|10|1|425||1883|
20|10|1|425||1884|
20|10|1|425||1885|
20|10|1|425||1886|
20|10|1|440||1919|
20|10|1|440||1920|
20|10|1|440||1921|
20|10|1|440||1922|
20|10|1|440||1923|
20|10|1|440||1924|
20|10|1|440||1925|
20|10|1|440||1926|
20|10|1|440||1927|
20|10|1|450||1951|
20|10|1|450||1952|
20|10|1|450||1953|
20|10|1|450||1954|
20|10|1|496||2144|
20|10|1|496||2145|
20|10|1|496||2146|
20|10|1|496||2147|
20|10|1|508||2176|
20|10|1|508||2177|
20|10|1|508||2178|
20|10|1|508||2179|
20|10|1|512||2189|
20|10|1|529||2264|
20|10|1|535||2290|
20|10|5|538||2304|
20|10|5|564||2421|
20|11|3|56||396|
20|11|3|69||633|
20|11|3|69||634|
20|11|3|69||635|
20|11|3|69||636|
20|11|3|69||637|
20|11|3|79||714|
20|11|3|79||715|
20|11|3|79||716|
20|11|3|87||744|
20|11|3|87||745|
20|11|3|87||746|
20|11|3|108||790|
20|11|3|108||791|
20|11|3|150||908|
20|11|3|150||909|
20|11|3|150||910|
20|11|3|166||951|
20|11|3|178||1003|
20|11|3|178||1004|
20|11|3|184||1099|
20|11|3|184||1100|
20|11|3|184||1101|
20|11|3|184||1102|
20|11|3|184||1103|
20|11|3|184||1104|
20|11|3|184||1105|
20|11|3|190||1112|
20|11|3|190||1113|
20|11|3|190||1114|
20|11|3|190||1115|
20|11|3|190||1116|
20|11|3|203||1170|
20|11|3|203||1171|
20|11|3|213||1215|
20|11|3|213||1216|
20|11|3|225||1238|
20|11|3|225||1239|
20|11|3|225||1240|
20|11|3|271||1363|
20|11|3|271||1364|
20|11|3|283||1409|
20|11|3|283||1410|
20|11|3|300||1454|
20|11|3|300||1455|
20|11|3|300||1456|
20|11|3|300||1457|
20|11|3|310||1485|
20|11|3|310||1486|
20|11|3|310||1487|
20|11|3|310||1488|
20|11|3|310||1489|
20|11|3|310||1490|
20|11|3|310||1491|
20|11|3|312||1493|
20|11|3|316||1498|
20|11|3|316||1499|
20|11|3|316||1500|
20|11|3|316||1501|
20|11|3|316||1502|
20|11|3|316||1503|
20|11|3|316||1504|
20|11|3|316||1505|
20|11|3|316||1506|
20|11|3|316||1507|
20|11|3|316||1508|
20|11|3|316||1509|
20|11|3|316||1510|
20|11|3|332||1564|
20|11|3|332||1565|
20|11|3|332||1566|
20|11|3|332||1567|
20|11|3|332||1568|
20|11|3|332||1569|
20|11|3|332||1570|
20|11|3|332||1571|
20|11|3|332||1572|
20|11|3|332||1573|
20|11|3|332||1574|
20|11|3|332||1575|
20|11|3|332||1576|
20|11|3|332||1577|
20|11|3|332||1578|
20|11|3|332||1579|
20|11|3|332||1580|
20|11|3|332||1581|
20|11|3|332||1582|
20|11|3|332||1583|
20|11|3|332||1584|
20|11|3|342||1609|
20|11|3|342||1610|
20|11|3|342||1611|
20|11|3|342||1612|
20|11|3|364||1658|
20|11|3|364||1659|
20|11|3|364||1660|
20|11|3|364||1661|
20|11|3|364||1662|
20|11|3|364||1663|
20|11|3|364||1664|
20|11|3|367||1671|
20|11|3|367||1672|
20|11|1|406||1816|
20|11|1|406||1817|
20|11|1|406||1818|
20|11|1|406||1819|
20|11|1|406||1820|
20|11|1|406||1821|
20|11|1|406||1822|
20|11|1|406||1823|
20|11|1|406||1824|
20|11|1|406||1825|
20|11|3|407||1826|
20|11|3|415||1851|
20|11|3|415||1852|
20|11|3|415||1853|
20|11|3|415||1854|
20|11|3|415||1855|
20|11|3|434||1908|
20|11|3|467||2005|
20|11|3|467||2006|
20|11|3|467||2007|
20|11|3|467||2008|
20|11|3|467||2009|
20|11|3|467||2010|
20|11|3|467||2011|
20|11|3|468||2012|
20|11|3|468||2013|
20|11|3|468||2014|
20|11|3|468||2015|
20|11|3|468||2016|
20|11|3|468||2017|
20|11|3|468||2018|
20|11|3|468||2019|
20|11|3|468||2020|
20|11|3|468||2021|
20|11|3|468||2022|
20|11|3|468||2023|
20|11|3|468||2024|
20|11|3|475||2062|
20|11|3|475||2063|
20|11|3|475||2064|
20|11|5|478||2071|
20|11|3|484||2088|
20|11|3|484||2089|
20|11|3|484||2090|
20|11|3|484||2091|
20|11|3|484||2092|
20|11|3|484||2093|
20|11|3|484||2094|
20|11|3|484||2095|
20|11|3|484||2096|
20|11|3|484||2097|
20|11|3|484||2098|
20|11|3|484||2099|
20|11|3|484||2100|
20|11|3|484||2101|
20|11|3|484||2102|
20|11|3|484||2103|
20|11|3|484||2104|
20|11|3|484||2105|
20|11|3|484||2106|
20|11|3|484||2107|
20|11|3|484||2108|
20|11|3|484||2109|
20|11|3|484||2110|
20|11|3|484||2111|
20|11|3|487||2123|
20|11|3|487||2124|
20|11|3|490||2128|
20|11|3|490||2129|
20|11|3|490||2130|
20|11|3|498||2150|
20|11|3|506||2173|
20|11|3|506||2174|
20|11|3|530||2265|
20|11|3|530||2266|
20|11|3|530||2267|
20|11|3|530||2268|
20|11|3|530||2269|
20|11|3|530||2270|
20|11|3|530||2271|
20|11|3|542||2318|
20|11|3|542||2319|
20|11|3|542||2320|
