Entidad|Distrito|Distrito_nuevo|Municipio|MUNICIPIO_VIRTUAL|Seccion|SECCION_VIRTUAL
10|1|2|1||1|
10|1|2|1||2|
10|1|2|1||3|
10|1|2|1||4|
10|1|2|1||5|
10|1|2|1||6|
10|1|2|1||7|
10|1|2|1||8|
10|1|2|1||9|
10|1|2|1||10|
10|1|2|1||11|
10|1|2|1||12|
10|1|2|1||13|
10|1|2|1||14|
10|1|2|1||15|
10|1|2|1||16|
10|1|2|1||17|
10|1|2|1||18|
10|1|2|1||19|
10|1|2|1||20|
10|1|2|1||21|
10|1|2|1||22|
10|1|2|1||23|
10|1|2|1||24|
10|1|2|1||25|
10|1|2|1||26|
10|1|2|1||27|
10|1|2|1||28|
10|1|2|1||29|
10|1|2|1||30|
10|1|2|1||31|
10|1|2|1||32|
10|1|2|1||33|
10|1|2|1||34|
10|1|2|1||35|
10|1|2|1||36|
10|1|2|1||37|
10|1|2|1||38|
10|1|2|1||39|
10|1|2|1||40|
10|1|2|1||41|
10|1|2|2||42|
10|1|2|2||43|
10|1|2|2||44|
10|1|2|2||45|
10|1|2|2||46|
10|1|2|2||47|
10|1|2|2||48|
10|1|2|2||49|
10|1|2|2||50|
10|1|2|2||51|
10|1|2|2||52|
10|1|2|2||53|
10|1|2|2||54|
10|1|2|2||55|
10|1|2|2||56|
10|1|2|9||638|
10|1|2|9||639|
10|1|2|9||640|
10|1|2|9||641|
10|1|2|9||642|
10|1|2|9||643|
10|1|2|9||644|
10|1|2|9||645|
10|1|2|9||646|
10|1|2|9||647|
10|1|2|9||648|
10|1|2|9||649|
10|1|2|9||650|
10|1|2|9||651|
10|1|2|9||652|
10|1|2|9||653|
10|1|2|9||654|
10|1|2|9||655|
10|1|2|9||656|
10|1|2|9||657|
10|1|2|9||658|
10|1|2|9||659|
10|1|2|9||660|
10|1|2|9||661|
10|1|2|9||662|
10|1|2|9||663|
10|1|2|11||672|
10|1|2|11||673|
10|1|2|11||674|
10|1|2|11||675|
10|1|2|11||676|
10|1|2|11||677|
10|1|2|11||678|
10|1|2|11||679|
10|1|2|11||680|
10|1|2|11||681|
10|1|2|11||682|
10|1|2|11||683|
10|1|2|11||684|
10|1|2|11||685|
10|1|2|11||686|
10|1|2|11||687|
10|1|2|11||688|
10|1|2|17||866|
10|1|2|17||867|
10|1|2|17||868|
10|1|2|17||869|
10|1|2|17||870|
10|1|2|17||871|
10|1|2|17||872|
10|1|2|17||873|
10|1|2|17||874|
10|1|2|17||875|
10|1|2|17||876|
10|1|2|17||877|
10|1|2|17||878|
10|1|2|17||879|
10|1|2|17||880|
10|1|2|17||881|
10|1|2|17||882|
10|1|2|17||883|
10|1|2|17||884|
10|1|2|17||885|
10|1|2|17||886|
10|1|2|17||887|
10|1|2|17||888|
10|1|2|17||889|
10|1|2|17||890|
10|1|2|17||891|
10|1|2|17||892|
10|1|2|17||893|
10|1|2|17||894|
10|1|2|18||895|
10|1|2|18||896|
10|1|2|18||897|
10|1|2|18||898|
10|1|2|18||899|
10|1|2|18||900|
10|1|2|18||901|
10|1|2|18||902|
10|1|2|18||903|
10|1|2|18||904|
10|1|2|18||905|
10|1|2|18||906|
10|1|2|18||907|
10|1|2|18||908|
10|1|2|18||909|
10|1|2|18||910|
10|1|2|18||911|
10|1|2|18||912|
10|1|2|18||913|
10|1|2|19||914|
10|1|2|19||915|
10|1|2|19||916|
10|1|2|19||917|
10|1|2|19||918|
10|1|2|19||919|
10|1|2|19||920|
10|1|2|19||921|
10|1|2|19||922|
10|1|2|19||923|
10|1|2|19||924|
10|1|2|19||925|
10|1|2|19||926|
10|1|2|19||927|
10|1|2|19||928|
10|1|2|19||929|
10|1|2|19||930|
10|1|2|19||931|
10|1|2|19||932|
10|1|2|19||933|
10|1|2|19||934|
10|1|2|19||935|
10|1|2|19||936|
10|1|2|19||937|
10|1|2|19||938|
10|1|2|19||939|
10|1|2|19||940|
10|1|2|19||941|
10|1|2|19||942|
10|1|2|19||943|
10|1|2|19||944|
10|1|2|19||945|
10|1|2|19||946|
10|1|2|20||947|
10|1|2|20||948|
10|1|2|20||949|
10|1|2|20||950|
10|1|2|20||951|
10|1|2|20||952|
10|1|2|20||953|
10|1|2|20||954|
10|1|2|20||955|
10|1|2|20||956|
10|1|2|20||957|
10|1|2|20||958|
10|1|2|20||959|
10|1|2|20||960|
10|1|2|26||1086|
10|1|2|26||1087|
10|1|2|26||1088|
10|1|2|26||1089|
10|1|2|26||1090|
10|1|2|26||1091|
10|1|2|26||1092|
10|1|2|26||1093|
10|1|2|26||1094|
10|1|2|26||1095|
10|1|2|26||1096|
10|1|2|26||1097|
10|1|2|27||1098|
10|1|2|27||1099|
10|1|2|27||1100|
10|1|2|27||1101|
10|1|2|27||1102|
10|1|2|27||1103|
10|1|2|27||1104|
10|1|2|27||1105|
10|1|2|27||1106|
10|1|2|27||1107|
10|1|2|27||1108|
10|1|2|27||1109|
10|1|2|27||1110|
10|1|2|27||1111|
10|1|2|27||1112|
10|1|2|27||1113|
10|1|2|27||1114|
10|1|2|27||1115|
10|1|2|27||1116|
10|1|2|27||1117|
10|1|2|27||1118|
10|1|2|27||1119|
10|1|2|27||1120|
10|1|2|27||1121|
10|1|2|27||1122|
10|1|2|27||1123|
10|1|2|27||1124|
10|1|2|27||1125|
10|1|2|27||1126|
10|1|2|27||1127|
10|1|2|27||1128|
10|1|2|27||1129|
10|1|2|27||1130|
10|1|2|27||1131|
10|1|2|27||1132|
10|1|2|27||1133|
10|1|2|27||1134|
10|1|2|27||1135|
10|1|2|27||1136|
10|1|2|27||1137|
10|1|2|27||1138|
10|1|2|27||1139|
10|1|2|33||1200|
10|1|2|33||1201|
10|1|2|33||1202|
10|1|2|33||1203|
10|1|2|33||1204|
10|1|2|33||1205|
10|1|2|33||1206|
10|1|2|33||1207|
10|1|2|33||1208|
10|1|2|33||1209|
10|1|2|33||1210|
10|1|2|33||1211|
10|1|2|33||1212|
10|1|2|33||1213|
10|1|2|33||1214|
10|1|2|33||1215|
10|1|2|33||1216|
10|1|2|33||1217|
10|1|2|33||1218|
10|1|2|33||1219|
10|1|2|33||1220|
10|1|2|33||1221|
10|1|2|33||1222|
10|1|2|33||1223|
10|1|2|33||1224|
10|1|2|33||1225|
10|1|2|33||1226|
10|1|2|33||1227|
10|1|2|33||1228|
10|1|2|33||1229|
10|1|2|33||1230|
10|1|2|33||1231|
10|1|2|33||1232|
10|1|2|33||1233|
10|1|2|33||1234|
10|1|2|33||1235|
10|1|2|33||1236|
10|1|2|33||1237|
10|1|2|33||1238|
10|1|2|33||1239|
10|1|2|33||1240|
10|1|2|33||1241|
10|1|2|33||1242|
10|1|2|33||1243|
10|1|2|33||1244|
10|1|2|33||1245|
10|1|2|33||1246|
10|1|2|33||1247|
10|1|2|33||1248|
10|1|2|33||1249|
10|1|2|33||1250|
10|1|2|33||1251|
10|1|2|33||1252|
10|1|2|33||1253|
10|1|2|33||1254|
10|1|2|33||1255|
10|1|2|33||1256|
10|1|2|33||1257|
10|1|2|33||1258|
10|1|2|33||1259|
10|1|2|33||1260|
10|1|2|33||1261|
10|1|2|33||1262|
10|1|2|33||1391|
10|1|2|35||1274|
10|1|2|35||1275|
10|1|2|35||1276|
10|1|2|35||1277|
10|1|2|35||1278|
10|1|2|35||1279|
10|1|2|35||1280|
10|1|2|35||1281|
10|1|2|35||1282|
10|1|2|35||1283|
10|1|2|35||1284|
10|1|2|35||1285|
10|1|2|35||1286|
10|1|2|35||1287|
10|1|2|35||1288|
10|1|2|35||1289|
10|1|2|35||1290|
10|1|2|35||1291|
10|1|2|35||1292|
10|1|2|35||1293|
10|1|2|35||1294|
10|1|2|35||1295|
10|1|2|35||1296|
10|1|2|35||1297|
10|1|2|35||1298|
10|1|2|35||1299|
10|1|2|35||1300|
10|1|2|35||1301|
10|1|2|35||1302|
10|1|2|35||1303|
10|1|2|35||1304|
10|1|2|35||1305|
10|1|2|36||1306|
10|1|2|36||1307|
10|1|2|36||1308|
10|1|2|36||1309|
10|1|2|36||1310|
10|1|2|36||1311|
10|1|2|36||1312|
10|1|2|36||1313|
10|1|2|36||1314|
10|1|2|36||1315|
10|1|2|36||1316|
10|1|2|36||1317|
10|1|2|36||1318|
10|1|2|36||1319|
10|1|2|36||1320|
10|1|2|36||1321|
10|1|2|36||1322|
10|1|2|36||1323|
10|1|2|36||1324|
10|1|2|36||1325|
10|1|2|36||1326|
10|1|2|36||1327|
10|1|2|36||1328|
10|1|2|36||1329|
10|1|2|36||1330|
10|1|2|36||1331|
10|1|2|36||1332|
10|1|2|38||1360|
10|1|2|38||1361|
10|1|2|38||1362|
10|1|2|38||1363|
10|1|2|38||1364|
10|1|2|38||1365|
10|1|2|38||1366|
10|1|2|38||1367|
10|1|2|38||1368|
10|1|2|38||1369|
10|1|2|38||1370|
10|1|2|38||1371|
10|1|2|38||1372|
10|1|2|38||1373|
10|2|4|7||436|
10|2|4|7||437|
10|2|4|7||438|
10|2|4|7||439|
10|2|4|7||440|
10|2|4|7||441|
10|2|4|7||442|
10|2|4|7||443|
10|2|4|7||444|
10|2|4|7||445|
10|2|4|7||446|
10|2|4|7||447|
10|2|4|7||448|
10|2|4|7||449|
10|2|4|7||450|
10|2|4|7||451|
10|2|4|7||452|
10|2|4|7||453|
10|2|4|7||454|
10|2|4|7||455|
10|2|4|7||456|
10|2|4|7||457|
10|2|4|7||458|
10|2|4|7||459|
10|2|4|7||460|
10|2|4|7||461|
10|2|4|7||462|
10|2|4|7||463|
10|2|4|7||464|
10|2|4|7||465|
10|2|4|7||466|
10|2|4|7||467|
10|2|4|7||468|
10|2|4|7||469|
10|2|4|7||470|
10|2|4|7||471|
10|2|4|7||472|
10|2|4|7||473|
10|2|4|7||474|
10|2|4|7||475|
10|2|4|7||476|
10|2|4|7||477|
10|2|4|7||478|
10|2|4|7||479|
10|2|4|7||480|
10|2|4|7||481|
10|2|4|7||482|
10|2|4|7||483|
10|2|4|7||484|
10|2|4|7||485|
10|2|4|7||486|
10|2|4|7||487|
10|2|4|7||488|
10|2|4|7||489|
10|2|4|7||490|
10|2|4|7||491|
10|2|4|7||492|
10|2|4|7||493|
10|2|4|7||494|
10|2|4|7||495|
10|2|4|7||496|
10|2|4|7||497|
10|2|4|7||498|
10|2|4|7||499|
10|2|4|7||500|
10|2|4|7||501|
10|2|4|7||502|
10|2|4|7||503|
10|2|4|7||504|
10|2|4|7||505|
10|2|4|7||506|
10|2|4|7||507|
10|2|4|7||508|
10|2|4|7||509|
10|2|4|7||510|
10|2|4|7||511|
10|2|4|7||512|
10|2|4|7||513|
10|2|4|7||514|
10|2|4|7||515|
10|2|4|7||516|
10|2|4|7||517|
10|2|4|7||518|
10|2|4|7||519|
10|2|4|7||520|
10|2|4|7||521|
10|2|4|7||522|
10|2|4|7||523|
10|2|4|7||524|
10|2|4|7||525|
10|2|4|7||526|
10|2|4|7||527|
10|2|4|7||528|
10|2|4|7||529|
10|2|4|7||530|
10|2|4|7||531|
10|2|4|7||532|
10|2|4|7||533|
10|2|4|7||534|
10|2|4|7||535|
10|2|4|7||536|
10|2|4|7||537|
10|2|4|7||538|
10|2|4|7||539|
10|2|4|7||540|
10|2|4|7||541|
10|2|4|7||542|
10|2|4|7||543|
10|2|4|7||544|
10|2|4|7||545|
10|2|4|7||546|
10|2|4|7||547|
10|2|4|7||548|
10|2|4|7||549|
10|2|4|7||550|
10|2|4|7||551|
10|2|4|7||552|
10|2|4|7||553|
10|2|4|7||554|
10|2|4|7||555|
10|2|4|7||556|
10|2|4|7||557|
10|2|4|7||558|
10|2|4|7||559|
10|2|4|7||560|
10|2|4|7||561|
10|2|4|7||562|
10|2|4|7||563|
10|2|4|7||564|
10|2|4|7||565|
10|2|4|7||566|
10|2|4|7||567|
10|2|4|7||568|
10|2|4|7||569|
10|2|4|7||570|
10|2|4|7||571|
10|2|4|7||572|
10|2|4|7||573|
10|2|4|7||574|
10|2|4|7||575|
10|2|4|7||576|
10|2|4|7||577|
10|2|4|7||578|
10|2|4|7||579|
10|2|4|7||580|
10|2|4|7||581|
10|2|4|7||582|
10|2|4|7||583|
10|2|4|7||584|
10|2|4|7||585|
10|2|4|7||586|
10|2|4|7||587|
10|2|4|7||588|
10|2|4|7||589|
10|2|4|7||590|
10|2|4|7||591|
10|2|4|7||592|
10|2|4|7||593|
10|2|4|7||594|
10|2|4|7||595|
10|2|4|7||596|
10|2|4|7||597|
10|2|4|7||598|
10|2|4|7||599|
10|2|4|7||600|
10|2|4|7||601|
10|2|4|7||602|
10|2|4|7||603|
10|2|4|7||604|
10|2|4|7||605|
10|2|4|7||606|
10|2|4|7||607|
10|2|4|7||608|
10|2|4|7||609|
10|2|4|7||610|
10|2|4|7||611|
10|2|1|10||664|
10|2|1|10||665|
10|2|1|10||666|
10|2|1|10||667|
10|2|1|10||668|
10|2|1|10||669|
10|2|1|10||670|
10|2|1|10||671|
10|2|1|13||769|
10|2|1|13||770|
10|2|1|13||771|
10|2|1|13||772|
10|2|1|13||773|
10|2|1|13||774|
10|2|1|13||775|
10|2|1|13||776|
10|2|1|13||777|
10|2|1|13||778|
10|2|1|13||779|
10|2|1|13||780|
10|2|1|13||781|
10|2|1|13||782|
10|2|1|13||783|
10|2|1|13||784|
10|2|1|13||785|
10|2|1|13||786|
10|2|1|13||787|
10|2|1|13||788|
10|2|1|13||789|
10|2|1|13||790|
10|2|1|13||791|
10|2|1|13||792|
10|2|1|13||793|
10|2|1|13||794|
10|2|1|13||795|
10|2|1|37||1333|
10|2|1|37||1334|
10|2|1|37||1335|
10|2|1|37||1336|
10|2|1|37||1337|
10|2|1|37||1338|
10|2|1|37||1339|
10|2|1|37||1340|
10|2|1|37||1341|
10|2|1|37||1342|
10|2|1|37||1343|
10|2|1|37||1344|
10|2|1|37||1345|
10|2|1|37||1346|
10|2|1|37||1347|
10|2|1|37||1348|
10|2|1|37||1349|
10|2|1|37||1350|
10|2|1|37||1351|
10|2|1|37||1352|
10|2|1|37||1353|
10|2|1|37||1354|
10|2|1|37||1355|
10|2|1|37||1356|
10|2|1|37||1357|
10|2|1|37||1358|
10|2|1|37||1359|
10|3|2|3||57|
10|3|2|3||58|
10|3|2|3||59|
10|3|2|3||60|
10|3|2|3||61|
10|3|2|3||62|
10|3|2|3||63|
10|3|2|3||64|
10|3|2|3||65|
10|3|1|4||66|
10|3|1|4||67|
10|3|1|4||68|
10|3|1|4||69|
10|3|1|4||70|
10|3|1|4||71|
10|3|1|4||72|
10|3|1|4||73|
10|3|1|4||74|
10|3|1|4||75|
10|3|1|4||76|
10|3|1|4||77|
10|3|1|4||78|
10|3|1|4||79|
10|3|1|4||80|
10|3|1|4||81|
10|3|1|4||82|
10|3|1|4||83|
10|3|1|4||84|
10|3|1|4||85|
10|3|1|4||86|
10|3|1|4||87|
10|3|1|4||88|
10|3|1|4||89|
10|3|1|4||90|
10|3|1|4||91|
10|3|1|4||92|
10|3|1|4||93|
10|3|1|4||94|
10|3|1|4||95|
10|3|1|4||96|
10|3|1|4||97|
10|3|1|4||98|
10|3|1|4||99|
10|3|1|4||100|
10|3|1|4||101|
10|3|1|4||102|
10|3|1|4||103|
10|3|1|4||104|
10|3|1|4||105|
10|3|1|4||106|
10|3|1|4||107|
10|3|1|6||420|
10|3|1|6||421|
10|3|1|6||422|
10|3|1|6||423|
10|3|1|6||424|
10|3|1|6||425|
10|3|1|6||426|
10|3|1|6||427|
10|3|1|6||428|
10|3|1|6||429|
10|3|1|6||430|
10|3|1|6||431|
10|3|1|6||432|
10|3|1|6||433|
10|3|1|6||434|
10|3|1|6||435|
10|3|1|8||612|
10|3|1|8||613|
10|3|1|8||614|
10|3|1|8||615|
10|3|1|8||616|
10|3|1|8||617|
10|3|1|8||618|
10|3|1|8||619|
10|3|1|8||620|
10|3|1|8||621|
10|3|1|8||622|
10|3|1|8||623|
10|3|1|8||624|
10|3|1|8||625|
10|3|1|8||626|
10|3|1|8||627|
10|3|1|8||628|
10|3|1|8||629|
10|3|1|8||630|
10|3|1|8||631|
10|3|1|8||632|
10|3|1|8||633|
10|3|1|8||634|
10|3|1|8||635|
10|3|1|8||636|
10|3|1|8||637|
10|3|4|12||689|
10|3|4|12||690|
10|3|4|12||691|
10|3|4|12||692|
10|3|4|12||693|
10|3|4|12||694|
10|3|4|12||695|
10|3|4|12||696|
10|3|4|12||697|
10|3|4|12||698|
10|3|4|12||699|
10|3|4|12||700|
10|3|4|12||701|
10|3|4|12||702|
10|3|4|12||703|
10|3|4|12||704|
10|3|4|12||705|
10|3|4|12||706|
10|3|4|12||707|
10|3|4|12||708|
10|3|4|12||709|
10|3|4|12||710|
10|3|4|12||711|
10|3|4|12||712|
10|3|4|12||713|
10|3|4|12||714|
10|3|4|12||715|
10|3|4|12||716|
10|3|4|12||717|
10|3|4|12||718|
10|3|4|12||719|
10|3|4|12||720|
10|3|4|12||721|
10|3|4|12||722|
10|3|4|12||723|
10|3|4|12||724|
10|3|4|12||725|
10|3|4|12||726|
10|3|4|12||727|
10|3|4|12||728|
10|3|4|12||729|
10|3|4|12||730|
10|3|4|12||731|
10|3|4|12||732|
10|3|4|12||733|
10|3|4|12||734|
10|3|4|12||735|
10|3|4|12||736|
10|3|4|12||737|
10|3|4|12||738|
10|3|4|12||739|
10|3|4|12||740|
10|3|4|12||741|
10|3|4|12||742|
10|3|4|12||743|
10|3|4|12||744|
10|3|4|12||745|
10|3|4|12||746|
10|3|4|12||747|
10|3|4|12||748|
10|3|4|12||749|
10|3|4|12||750|
10|3|4|12||751|
10|3|4|12||752|
10|3|4|12||753|
10|3|4|12||754|
10|3|4|12||755|
10|3|4|12||756|
10|3|4|12||757|
10|3|4|12||758|
10|3|4|12||759|
10|3|4|12||760|
10|3|4|12||761|
10|3|4|12||762|
10|3|4|12||763|
10|3|4|12||764|
10|3|4|12||765|
10|3|4|12||766|
10|3|4|12||767|
10|3|4|12||768|
10|3|1|15||828|
10|3|1|15||829|
10|3|1|15||830|
10|3|1|15||831|
10|3|1|15||832|
10|3|1|15||833|
10|3|1|15||834|
10|3|1|15||835|
10|3|1|15||836|
10|3|1|15||837|
10|3|1|15||838|
10|3|1|15||839|
10|3|1|15||840|
10|3|1|15||841|
10|3|1|15||842|
10|3|1|15||843|
10|3|1|15||844|
10|3|1|21||961|
10|3|1|21||962|
10|3|1|21||963|
10|3|1|21||964|
10|3|1|21||965|
10|3|1|21||966|
10|3|1|21||967|
10|3|1|21||968|
10|3|1|21||969|
10|3|1|21||970|
10|3|1|21||971|
10|3|1|21||972|
10|3|1|21||973|
10|3|1|21||974|
10|3|1|21||975|
10|3|1|21||976|
10|3|1|22||977|
10|3|1|22||978|
10|3|1|22||979|
10|3|1|22||980|
10|3|1|22||981|
10|3|1|22||982|
10|3|1|22||983|
10|3|1|22||984|
10|3|1|22||985|
10|3|1|22||986|
10|3|1|22||987|
10|3|1|22||988|
10|3|1|22||989|
10|3|1|22||990|
10|3|1|22||991|
10|3|1|25||1063|
10|3|1|25||1064|
10|3|1|25||1065|
10|3|1|25||1066|
10|3|1|25||1067|
10|3|1|25||1068|
10|3|1|25||1069|
10|3|1|25||1070|
10|3|1|25||1071|
10|3|1|25||1072|
10|3|1|25||1073|
10|3|1|25||1074|
10|3|1|25||1075|
10|3|1|25||1076|
10|3|1|25||1077|
10|3|1|25||1078|
10|3|1|25||1079|
10|3|1|25||1080|
10|3|1|25||1081|
10|3|1|25||1082|
10|3|1|25||1083|
10|3|1|25||1084|
10|3|1|25||1085|
10|3|1|28||1140|
10|3|1|28||1141|
10|3|1|28||1142|
10|3|1|28||1143|
10|3|1|28||1144|
10|3|1|28||1145|
10|3|1|28||1146|
10|3|1|28||1147|
10|3|1|28||1148|
10|3|1|28||1149|
10|3|1|28||1150|
10|3|1|28||1151|
10|3|1|28||1152|
10|3|1|28||1153|
10|3|1|28||1154|
10|3|1|28||1155|
10|3|1|29||1156|
10|3|1|29||1157|
10|3|1|29||1158|
10|3|1|29||1159|
10|3|1|29||1160|
10|3|1|29||1161|
10|3|1|29||1162|
10|3|1|29||1163|
10|3|1|29||1164|
10|3|1|29||1165|
10|3|1|29||1166|
10|3|1|29||1167|
10|3|1|29||1168|
10|3|1|29||1169|
10|3|1|29||1170|
10|3|1|29||1171|
10|3|1|29||1172|
10|3|1|29||1173|
10|3|1|29||1174|
10|3|1|29||1175|
10|3|1|29||1176|
10|3|1|29||1177|
10|3|1|29||1178|
10|3|1|30||1179|
10|3|1|30||1180|
10|3|1|30||1181|
10|3|1|30||1182|
10|3|1|31||1183|
10|3|1|31||1184|
10|3|1|31||1185|
10|3|1|31||1186|
10|3|1|31||1187|
10|3|1|31||1188|
10|3|1|31||1189|
10|3|1|31||1190|
10|3|1|32||1191|
10|3|1|32||1192|
10|3|1|32||1193|
10|3|1|32||1194|
10|3|1|32||1195|
10|3|1|32||1196|
10|3|1|32||1197|
10|3|1|32||1198|
10|3|1|32||1199|
10|4|2|5||108|
10|4|1|5||109|
10|4|1|5||110|
10|4|1|5||111|
10|4|1|5||112|
10|4|1|5||113|
10|4|1|5||114|
10|4|1|5||115|
10|4|1|5||116|
10|4|1|5||117|
10|4|2|5||118|
10|4|2|5||119|
10|4|2|5||120|
10|4|2|5||121|
10|4|3|5||122|
10|4|2|5||123|
10|4|3|5||124|
10|4|2|5||125|
10|4|3|5||126|
10|4|3|5||127|
10|4|2|5||128|
10|4|3|5||129|
10|4|3|5||130|
10|4|3|5||131|
10|4|3|5||132|
10|4|3|5||133|
10|4|3|5||134|
10|4|3|5||135|
10|4|3|5||136|
10|4|3|5||137|
10|4|3|5||138|
10|4|3|5||139|
10|4|3|5||140|
10|4|3|5||141|
10|4|3|5||142|
10|4|1|5||145|
10|4|1|5||146|
10|4|1|5||147|
10|4|1|5||148|
10|4|1|5||149|
10|4|3|5||152|
10|4|3|5||153|
10|4|3|5||154|
10|4|3|5||155|
10|4|3|5||156|
10|4|3|5||157|
10|4|3|5||158|
10|4|3|5||159|
10|4|3|5||160|
10|4|3|5||161|
10|4|3|5||162|
10|4|3|5||163|
10|4|3|5||164|
10|4|3|5||165|
10|4|3|5||166|
10|4|3|5||167|
10|4|3|5||168|
10|4|3|5||169|
10|4|3|5||170|
10|4|3|5||171|
10|4|3|5||172|
10|4|3|5||173|
10|4|1|5||181|
10|4|3|5||187|
10|4|3|5||195|
10|4|3|5||196|
10|4|3|5||197|
10|4|3|5||198|
10|4|3|5||199|
10|4|3|5||200|
10|4|3|5||201|
10|4|3|5||202|
10|4|3|5||204|
10|4|3|5||237|
10|4|3|5||303|
10|4|1|5||304|
10|4|3|5||305|
10|4|3|5||322|
10|4|2|5||352|
10|4|2|5||353|
10|4|1|5||354|
10|4|1|5||355|
10|4|2|5||356|
10|4|2|5||357|
10|4|2|5||358|
10|4|2|5||359|
10|4|2|5||360|
10|4|2|5||361|
10|4|1|5||362|
10|4|1|5||363|
10|4|1|5||364|
10|4|1|5||365|
10|4|1|5||366|
10|4|1|5||367|
10|4|1|5||368|
10|4|1|5||369|
10|4|2|5||370|
10|4|2|5||371|
10|4|2|5||372|
10|4|2|5||373|
10|4|2|5||374|
10|4|2|5||375|
10|4|3|5||376|
10|4|1|5||377|
10|4|1|5||378|
10|4|1|5||379|
10|4|1|5||380|
10|4|1|5||381|
10|4|1|5||383|
10|4|2|5||386|
10|4|2|5||387|
10|4|2|5||401|
10|4|1|5||419|
10|4|2|14||796|
10|4|2|14||797|
10|4|2|14||798|
10|4|2|14||799|
10|4|2|14||800|
10|4|2|14||801|
10|4|2|14||802|
10|4|2|14||803|
10|4|2|14||804|
10|4|2|14||805|
10|4|2|14||806|
10|4|2|14||807|
10|4|2|14||808|
10|4|2|14||809|
10|4|2|14||810|
10|4|2|14||811|
10|4|2|14||812|
10|4|2|14||813|
10|4|2|14||814|
10|4|2|14||815|
10|4|2|14||816|
10|4|2|14||817|
10|4|2|14||818|
10|4|2|14||819|
10|4|2|14||820|
10|4|2|14||821|
10|4|2|14||822|
10|4|2|14||823|
10|4|2|14||824|
10|4|2|14||825|
10|4|2|14||826|
10|4|2|14||827|
10|4|1|16||845|
10|4|1|16||846|
10|4|1|16||847|
10|4|1|16||848|
10|4|1|16||849|
10|4|1|16||850|
10|4|1|16||851|
10|4|1|16||852|
10|4|1|16||853|
10|4|1|16||854|
10|4|1|16||855|
10|4|1|16||856|
10|4|1|16||857|
10|4|1|16||858|
10|4|1|16||859|
10|4|1|16||860|
10|4|1|16||861|
10|4|1|16||862|
10|4|1|16||863|
10|4|1|16||864|
10|4|1|16||865|
10|4|1|23||992|
10|4|1|23||993|
10|4|1|23||994|
10|4|1|23||995|
10|4|1|23||996|
10|4|1|23||997|
10|4|1|23||998|
10|4|1|23||999|
10|4|1|23||1000|
10|4|1|23||1001|
10|4|1|23||1002|
10|4|1|23||1003|
10|4|1|23||1004|
10|4|1|23||1005|
10|4|1|23||1006|
10|4|1|23||1007|
10|4|1|23||1008|
10|4|1|23||1009|
10|4|1|23||1010|
10|4|1|23||1011|
10|4|1|23||1012|
10|4|1|23||1013|
10|4|1|23||1014|
10|4|2|24||1015|
10|4|2|24||1016|
10|4|2|24||1017|
10|4|2|24||1018|
10|4|2|24||1019|
10|4|2|24||1020|
10|4|2|24||1021|
10|4|2|24||1022|
10|4|2|24||1023|
10|4|2|24||1024|
10|4|2|24||1025|
10|4|2|24||1026|
10|4|2|24||1027|
10|4|2|24||1028|
10|4|2|24||1029|
10|4|2|24||1030|
10|4|2|24||1031|
10|4|2|24||1032|
10|4|2|24||1033|
10|4|2|24||1034|
10|4|2|24||1035|
10|4|2|24||1036|
10|4|2|24||1037|
10|4|2|24||1038|
10|4|2|24||1039|
10|4|2|24||1040|
10|4|2|24||1041|
10|4|2|24||1042|
10|4|2|24||1043|
10|4|2|24||1044|
10|4|2|24||1045|
10|4|2|24||1046|
10|4|2|24||1047|
10|4|2|24||1048|
10|4|2|24||1049|
10|4|2|24||1050|
10|4|2|24||1051|
10|4|2|24||1052|
10|4|2|24||1053|
10|4|2|24||1054|
10|4|2|24||1055|
10|4|2|24||1056|
10|4|2|24||1057|
10|4|2|24||1058|
10|4|2|24||1059|
10|4|2|24||1060|
10|4|2|24||1061|
10|4|2|24||1062|
10|4|1|34||1263|
10|4|1|34||1264|
10|4|1|34||1265|
10|4|1|34||1266|
10|4|1|34||1267|
10|4|1|34||1268|
10|4|1|34||1269|
10|4|1|34||1270|
10|4|1|34||1271|
10|4|1|34||1272|
10|4|1|34||1273|
10|4|1|39||1374|
10|4|1|39||1375|
10|4|1|39||1376|
10|4|1|39||1377|
10|4|1|39||1378|
10|4|1|39||1379|
10|4|1|39||1380|
10|4|1|39||1381|
10|4|1|39||1382|
10|4|1|39||1383|
10|4|1|39||1384|
10|4|1|39||1385|
10|4|1|39||1386|
10|4|1|39||1387|
10|4|1|39||1388|
10|4|1|39||1389|
10|4|1|39||1390|
10|5|1|5||143|
10|5|1|5||144|
10|5|1|5||150|
10|5|1|5||151|
10|5|3|5||174|
10|5|1|5||175|
10|5|1|5||176|
10|5|1|5||177|
10|5|1|5||178|
10|5|1|5||179|
10|5|1|5||180|
10|5|3|5||182|
10|5|3|5||183|
10|5|3|5||184|
10|5|3|5||185|
10|5|3|5||186|
10|5|3|5||188|
10|5|3|5||189|
10|5|3|5||190|
10|5|3|5||191|
10|5|3|5||192|
10|5|3|5||193|
10|5|3|5||194|
10|5|3|5||203|
10|5|3|5||205|
10|5|3|5||206|
10|5|3|5||207|
10|5|3|5||208|
10|5|3|5||209|
10|5|3|5||210|
10|5|3|5||211|
10|5|3|5||212|
10|5|3|5||213|
10|5|3|5||214|
10|5|3|5||215|
10|5|3|5||216|
10|5|3|5||217|
10|5|3|5||218|
10|5|3|5||219|
10|5|3|5||220|
10|5|3|5||221|
10|5|3|5||222|
10|5|3|5||223|
10|5|3|5||224|
10|5|3|5||225|
10|5|3|5||226|
10|5|3|5||227|
10|5|3|5||228|
10|5|3|5||229|
10|5|3|5||230|
10|5|3|5||231|
10|5|3|5||232|
10|5|3|5||233|
10|5|3|5||234|
10|5|3|5||235|
10|5|3|5||236|
10|5|3|5||238|
10|5|3|5||239|
10|5|3|5||240|
10|5|3|5||241|
10|5|3|5||242|
10|5|3|5||243|
10|5|3|5||244|
10|5|3|5||245|
10|5|3|5||246|
10|5|3|5||247|
10|5|3|5||248|
10|5|3|5||249|
10|5|3|5||250|
10|5|3|5||251|
10|5|3|5||252|
10|5|3|5||253|
10|5|3|5||254|
10|5|3|5||255|
10|5|3|5||256|
10|5|3|5||257|
10|5|3|5||258|
10|5|3|5||259|
10|5|3|5||260|
10|5|3|5||261|
10|5|3|5||262|
10|5|3|5||263|
10|5|3|5||264|
10|5|3|5||265|
10|5|3|5||266|
10|5|3|5||267|
10|5|3|5||268|
10|5|3|5||269|
10|5|3|5||270|
10|5|3|5||271|
10|5|3|5||272|
10|5|3|5||273|
10|5|3|5||274|
10|5|3|5||275|
10|5|3|5||276|
10|5|3|5||277|
10|5|3|5||278|
10|5|3|5||279|
10|5|3|5||280|
10|5|3|5||281|
10|5|3|5||282|
10|5|3|5||283|
10|5|3|5||284|
10|5|3|5||285|
10|5|3|5||286|
10|5|3|5||287|
10|5|3|5||288|
10|5|3|5||289|
10|5|3|5||290|
10|5|3|5||291|
10|5|3|5||292|
10|5|3|5||293|
10|5|3|5||294|
10|5|3|5||295|
10|5|3|5||296|
10|5|3|5||297|
10|5|3|5||298|
10|5|3|5||299|
10|5|3|5||300|
10|5|3|5||301|
10|5|3|5||302|
10|5|3|5||306|
10|5|3|5||307|
10|5|3|5||308|
10|5|3|5||309|
10|5|3|5||310|
10|5|3|5||311|
10|5|3|5||312|
10|5|3|5||313|
10|5|3|5||314|
10|5|3|5||315|
10|5|3|5||316|
10|5|3|5||317|
10|5|3|5||318|
10|5|3|5||319|
10|5|3|5||320|
10|5|3|5||321|
10|5|3|5||323|
10|5|3|5||324|
10|5|3|5||325|
10|5|3|5||326|
10|5|3|5||327|
10|5|3|5||328|
10|5|3|5||329|
10|5|3|5||330|
10|5|3|5||331|
10|5|3|5||332|
10|5|3|5||333|
10|5|3|5||334|
10|5|3|5||335|
10|5|3|5||336|
10|5|3|5||337|
10|5|3|5||338|
10|5|3|5||339|
10|5|3|5||340|
10|5|3|5||341|
10|5|3|5||342|
10|5|3|5||343|
10|5|3|5||344|
10|5|3|5||345|
10|5|3|5||346|
10|5|3|5||347|
10|5|3|5||348|
10|5|3|5||349|
10|5|3|5||350|
10|5|3|5||351|
10|5|1|5||382|
10|5|3|5||384|
10|5|3|5||385|
10|5|3|5||388|
10|5|3|5||389|
10|5|3|5||390|
10|5|3|5||391|
10|5|1|5||392|
10|5|1|5||393|
10|5|2|5||394|
10|5|2|5||395|
10|5|3|5||396|
10|5|3|5||397|
10|5|3|5||398|
10|5|3|5||399|
10|5|3|5||400|
10|5|2|5||402|
10|5|2|5||403|
10|5|2|5||404|
10|5|2|5||405|
10|5|3|5||406|
10|5|2|5||407|
10|5|2|5||408|
10|5|2|5||409|
10|5|2|5||410|
10|5|2|5||411|
10|5|2|5||412|
10|5|2|5||413|
10|5|2|5||414|
10|5|2|5||415|
10|5|3|5||416|
10|5|2|5||417|
10|5|2|5||418|
