EDO;DTO;MPO;NOMBRE;FCTMPAL;POB00
 2 ; 1 ; 1 ;ENSENADA;0.97550; 303303 
;;;;;;;;;;;;;;
;;;;;;;;;;;;;;
 2 ; 2 ; 1 ;ENSENADA;0.21687; 67431 
 2 ; 2 ; 2 ;MEXICALI;0.51013; 158611 
 2 ; 2 ; 3 ;TECATE;0.24946; 77563 
;;;;;;;;;;;;;;
;;;;;;;;;;;;;;
 2 ; 3 ; 2 ;MEXICALI;0.97451; 302996 
;;;;;;;;;;;;;;
;;;;;;;;;;;;;;
 2 ; 4 ; 2 ;MEXICALI;0.97451; 302995 
;;;;;;;;;;;;;;
;;;;;;;;;;;;;;
 2 ; 5 ; 4 ;TIJUANA;0.81244; 252604 
 2 ; 5 ; 5 ;PLAYAS DE ROSARITO;0.20949; 65135 
;;;;;;;;;;;;;;
;;;;;;;;;;;;;;
 2 ; 6 ; 4 ;TIJUANA;1.02599; 319002 
;;;;;;;;;;;;;;
;;;;;;;;;;;;;;
 2 ; 7 ; 4 ;TIJUANA;1.02517; 318747 
;;;;;;;;;;;;;;
;;;;;;;;;;;;;;
 2 ; 8 ; 4 ;TIJUANA;1.02592; 318980 
